CN(2):[[1, 2], [1, 3], [1, 5], [1, 6], [2, 3], [2, 5], [2, 6], [3, 4], [4, 5], [4, 6]]

0, f=1:1,  2:2,  3:3,  4:4,  5:5,  6:6,  
[[1, 2], [1, 3], [1, 5], [1, 6], [2, 3], [2, 5], [2, 6], [3, 4], [4, 5], [4, 6]]	Z=1.0, W=2.0

1, f=1:1,  2:2,  3:3,  4:4,  5:6,  6:5,  
[[1, 2], [1, 3], [1, 6], [1, 5], [2, 3], [2, 6], [2, 5], [3, 4], [4, 6], [4, 5]]	Z=-0.9999999999999999, W=1.1102230246251565e-16

2, f=1:1,  2:2,  3:3,  4:5,  5:4,  6:6,  
[[1, 2], [1, 3], [1, 4], [1, 6], [2, 3], [2, 4], [2, 6], [3, 5], [5, 4], [5, 6]]	Z=1482.1803401739755, W=1483.4127952152191

3, f=1:1,  2:2,  3:3,  4:5,  5:6,  6:4,  
[[1, 2], [1, 3], [1, 6], [1, 4], [2, 3], [2, 6], [2, 4], [3, 5], [5, 6], [5, 4]]	Z=0, W=2

4, f=1:1,  2:2,  3:3,  4:6,  5:5,  6:4,  
[[1, 2], [1, 3], [1, 5], [1, 4], [2, 3], [2, 5], [2, 4], [3, 6], [6, 5], [6, 4]]	Z=-134.19550275957582, W=133.41739739357794

5, f=1:1,  2:2,  3:3,  4:6,  5:4,  6:5,  
[[1, 2], [1, 3], [1, 4], [1, 5], [2, 3], [2, 4], [2, 5], [3, 6], [6, 4], [6, 5]]	Z=0, W=2

6, f=1:1,  2:2,  3:4,  4:3,  5:5,  6:6,  
[[1, 2], [1, 4], [1, 5], [1, 6], [2, 4], [2, 5], [2, 6], [4, 3], [3, 5], [3, 6]]	Z=2.6576223658824924e-08, W=1.424069029632002

7, f=1:1,  2:2,  3:4,  4:3,  5:6,  6:5,  
[[1, 2], [1, 4], [1, 6], [1, 5], [2, 4], [2, 6], [2, 5], [4, 3], [3, 6], [3, 5]]	Z=0, W=2

8, f=1:1,  2:2,  3:4,  4:5,  5:3,  6:6,  
[[1, 2], [1, 4], [1, 3], [1, 6], [2, 4], [2, 3], [2, 6], [4, 5], [5, 3], [5, 6]]	Z=0, W=2

9, f=1:1,  2:2,  3:4,  4:5,  5:6,  6:3,  
[[1, 2], [1, 4], [1, 6], [1, 3], [2, 4], [2, 6], [2, 3], [4, 5], [5, 6], [5, 3]]	Z=0, W=2

10, f=1:1,  2:2,  3:4,  4:6,  5:5,  6:3,  
[[1, 2], [1, 4], [1, 5], [1, 3], [2, 4], [2, 5], [2, 3], [4, 6], [6, 5], [6, 3]]	Z=0, W=2

11, f=1:1,  2:2,  3:4,  4:6,  5:3,  6:5,  
[[1, 2], [1, 4], [1, 3], [1, 5], [2, 4], [2, 3], [2, 5], [4, 6], [6, 3], [6, 5]]	Z=0, W=2

12, f=1:1,  2:2,  3:5,  4:4,  5:3,  6:6,  
[[1, 2], [1, 5], [1, 3], [1, 6], [2, 5], [2, 3], [2, 6], [5, 4], [4, 3], [4, 6]]	Z=0, W=2

13, f=1:1,  2:2,  3:5,  4:4,  5:6,  6:3,  
[[1, 2], [1, 5], [1, 6], [1, 3], [2, 5], [2, 6], [2, 3], [5, 4], [4, 6], [4, 3]]	Z=0, W=2

14, f=1:1,  2:2,  3:5,  4:3,  5:4,  6:6,  
[[1, 2], [1, 5], [1, 4], [1, 6], [2, 5], [2, 4], [2, 6], [5, 3], [3, 4], [3, 6]]	Z=0, W=2

15, f=1:1,  2:2,  3:5,  4:3,  5:6,  6:4,  
[[1, 2], [1, 5], [1, 6], [1, 4], [2, 5], [2, 6], [2, 4], [5, 3], [3, 6], [3, 4]]	Z=0, W=2

16, f=1:1,  2:2,  3:5,  4:6,  5:3,  6:4,  
[[1, 2], [1, 5], [1, 3], [1, 4], [2, 5], [2, 3], [2, 4], [5, 6], [6, 3], [6, 4]]	Z=0, W=2

17, f=1:1,  2:2,  3:5,  4:6,  5:4,  6:3,  
[[1, 2], [1, 5], [1, 4], [1, 3], [2, 5], [2, 4], [2, 3], [5, 6], [6, 4], [6, 3]]	Z=0, W=2

18, f=1:1,  2:2,  3:6,  4:4,  5:5,  6:3,  
[[1, 2], [1, 6], [1, 5], [1, 3], [2, 6], [2, 5], [2, 3], [6, 4], [4, 5], [4, 3]]	Z=0, W=2

19, f=1:1,  2:2,  3:6,  4:4,  5:3,  6:5,  
[[1, 2], [1, 6], [1, 3], [1, 5], [2, 6], [2, 3], [2, 5], [6, 4], [4, 3], [4, 5]]	Z=0, W=2

20, f=1:1,  2:2,  3:6,  4:5,  5:4,  6:3,  
[[1, 2], [1, 6], [1, 4], [1, 3], [2, 6], [2, 4], [2, 3], [6, 5], [5, 4], [5, 3]]	Z=0, W=2

21, f=1:1,  2:2,  3:6,  4:5,  5:3,  6:4,  
[[1, 2], [1, 6], [1, 3], [1, 4], [2, 6], [2, 3], [2, 4], [6, 5], [5, 3], [5, 4]]	Z=0, W=2

22, f=1:1,  2:2,  3:6,  4:3,  5:5,  6:4,  
[[1, 2], [1, 6], [1, 5], [1, 4], [2, 6], [2, 5], [2, 4], [6, 3], [3, 5], [3, 4]]	Z=0, W=2

23, f=1:1,  2:2,  3:6,  4:3,  5:4,  6:5,  
[[1, 2], [1, 6], [1, 4], [1, 5], [2, 6], [2, 4], [2, 5], [6, 3], [3, 4], [3, 5]]	Z=0, W=2

24, f=1:1,  2:3,  3:2,  4:4,  5:5,  6:6,  
[[1, 3], [1, 2], [1, 5], [1, 6], [3, 2], [3, 5], [3, 6], [2, 4], [4, 5], [4, 6]]	Z=-68.39647242708666, W=67.87952575659799

25, f=1:1,  2:3,  3:2,  4:4,  5:6,  6:5,  
[[1, 3], [1, 2], [1, 6], [1, 5], [3, 2], [3, 6], [3, 5], [2, 4], [4, 6], [4, 5]]	Z=0, W=2

26, f=1:1,  2:3,  3:2,  4:5,  5:4,  6:6,  
[[1, 3], [1, 2], [1, 4], [1, 6], [3, 2], [3, 4], [3, 6], [2, 5], [5, 4], [5, 6]]	Z=-525482.7957232432, W=525482.629399787

27, f=1:1,  2:3,  3:2,  4:5,  5:6,  6:4,  
[[1, 3], [1, 2], [1, 6], [1, 4], [3, 2], [3, 6], [3, 4], [2, 5], [5, 6], [5, 4]]	Z=0, W=2

28, f=1:1,  2:3,  3:2,  4:6,  5:5,  6:4,  
[[1, 3], [1, 2], [1, 5], [1, 4], [3, 2], [3, 5], [3, 4], [2, 6], [6, 5], [6, 4]]	Z=104142.87299936771, W=104144.69676465777

29, f=1:1,  2:3,  3:2,  4:6,  5:4,  6:5,  
[[1, 3], [1, 2], [1, 4], [1, 5], [3, 2], [3, 4], [3, 5], [2, 6], [6, 4], [6, 5]]	Z=0, W=2

30, f=1:1,  2:3,  3:4,  4:2,  5:5,  6:6,  
[[1, 3], [1, 4], [1, 5], [1, 6], [3, 4], [3, 5], [3, 6], [4, 2], [2, 5], [2, 6]]	Z=-6.357512213633635e-09, W=1.4184226143752836

31, f=1:1,  2:3,  3:4,  4:2,  5:6,  6:5,  
[[1, 3], [1, 4], [1, 6], [1, 5], [3, 4], [3, 6], [3, 5], [4, 2], [2, 6], [2, 5]]	Z=0, W=2

32, f=1:1,  2:3,  3:4,  4:5,  5:2,  6:6,  
[[1, 3], [1, 4], [1, 2], [1, 6], [3, 4], [3, 2], [3, 6], [4, 5], [5, 2], [5, 6]]	Z=0, W=2

33, f=1:1,  2:3,  3:4,  4:5,  5:6,  6:2,  
[[1, 3], [1, 4], [1, 6], [1, 2], [3, 4], [3, 6], [3, 2], [4, 5], [5, 6], [5, 2]]	Z=0, W=2

34, f=1:1,  2:3,  3:4,  4:6,  5:5,  6:2,  
[[1, 3], [1, 4], [1, 5], [1, 2], [3, 4], [3, 5], [3, 2], [4, 6], [6, 5], [6, 2]]	Z=0, W=2

35, f=1:1,  2:3,  3:4,  4:6,  5:2,  6:5,  
[[1, 3], [1, 4], [1, 2], [1, 5], [3, 4], [3, 2], [3, 5], [4, 6], [6, 2], [6, 5]]	Z=0, W=2

36, f=1:1,  2:3,  3:5,  4:4,  5:2,  6:6,  
[[1, 3], [1, 5], [1, 2], [1, 6], [3, 5], [3, 2], [3, 6], [5, 4], [4, 2], [4, 6]]	Z=0, W=2

37, f=1:1,  2:3,  3:5,  4:4,  5:6,  6:2,  
[[1, 3], [1, 5], [1, 6], [1, 2], [3, 5], [3, 6], [3, 2], [5, 4], [4, 6], [4, 2]]	Z=0, W=2

38, f=1:1,  2:3,  3:5,  4:2,  5:4,  6:6,  
[[1, 3], [1, 5], [1, 4], [1, 6], [3, 5], [3, 4], [3, 6], [5, 2], [2, 4], [2, 6]]	Z=0, W=2

39, f=1:1,  2:3,  3:5,  4:2,  5:6,  6:4,  
[[1, 3], [1, 5], [1, 6], [1, 4], [3, 5], [3, 6], [3, 4], [5, 2], [2, 6], [2, 4]]	Z=0, W=2

40, f=1:1,  2:3,  3:5,  4:6,  5:2,  6:4,  
[[1, 3], [1, 5], [1, 2], [1, 4], [3, 5], [3, 2], [3, 4], [5, 6], [6, 2], [6, 4]]	Z=0, W=2

41, f=1:1,  2:3,  3:5,  4:6,  5:4,  6:2,  
[[1, 3], [1, 5], [1, 4], [1, 2], [3, 5], [3, 4], [3, 2], [5, 6], [6, 4], [6, 2]]	Z=0, W=2

42, f=1:1,  2:3,  3:6,  4:4,  5:5,  6:2,  
[[1, 3], [1, 6], [1, 5], [1, 2], [3, 6], [3, 5], [3, 2], [6, 4], [4, 5], [4, 2]]	Z=0, W=2

43, f=1:1,  2:3,  3:6,  4:4,  5:2,  6:5,  
[[1, 3], [1, 6], [1, 2], [1, 5], [3, 6], [3, 2], [3, 5], [6, 4], [4, 2], [4, 5]]	Z=0, W=2

44, f=1:1,  2:3,  3:6,  4:5,  5:4,  6:2,  
[[1, 3], [1, 6], [1, 4], [1, 2], [3, 6], [3, 4], [3, 2], [6, 5], [5, 4], [5, 2]]	Z=0, W=2

45, f=1:1,  2:3,  3:6,  4:5,  5:2,  6:4,  
[[1, 3], [1, 6], [1, 2], [1, 4], [3, 6], [3, 2], [3, 4], [6, 5], [5, 2], [5, 4]]	Z=0, W=2

46, f=1:1,  2:3,  3:6,  4:2,  5:5,  6:4,  
[[1, 3], [1, 6], [1, 5], [1, 4], [3, 6], [3, 5], [3, 4], [6, 2], [2, 5], [2, 4]]	Z=0, W=2

47, f=1:1,  2:3,  3:6,  4:2,  5:4,  6:5,  
[[1, 3], [1, 6], [1, 4], [1, 5], [3, 6], [3, 4], [3, 5], [6, 2], [2, 4], [2, 5]]	Z=0, W=2

48, f=1:1,  2:4,  3:3,  4:2,  5:5,  6:6,  
[[1, 4], [1, 3], [1, 5], [1, 6], [4, 3], [4, 5], [4, 6], [3, 2], [2, 5], [2, 6]]	Z=0.15351450077528778, W=1.1731223439125427

49, f=1:1,  2:4,  3:3,  4:2,  5:6,  6:5,  
[[1, 4], [1, 3], [1, 6], [1, 5], [4, 3], [4, 6], [4, 5], [3, 2], [2, 6], [2, 5]]	Z=0, W=2

50, f=1:1,  2:4,  3:3,  4:5,  5:2,  6:6,  
[[1, 4], [1, 3], [1, 2], [1, 6], [4, 3], [4, 2], [4, 6], [3, 5], [5, 2], [5, 6]]	Z=134105.1317327776, W=134106.97295531555

51, f=1:1,  2:4,  3:3,  4:5,  5:6,  6:2,  
[[1, 4], [1, 3], [1, 6], [1, 2], [4, 3], [4, 6], [4, 2], [3, 5], [5, 6], [5, 2]]	Z=0, W=2

52, f=1:1,  2:4,  3:3,  4:6,  5:5,  6:2,  
[[1, 4], [1, 3], [1, 5], [1, 2], [4, 3], [4, 5], [4, 2], [3, 6], [6, 5], [6, 2]]	Z=-139351.42404531935, W=139351.25827472765

53, f=1:1,  2:4,  3:3,  4:6,  5:2,  6:5,  
[[1, 4], [1, 3], [1, 2], [1, 5], [4, 3], [4, 2], [4, 5], [3, 6], [6, 2], [6, 5]]	Z=0, W=2

54, f=1:1,  2:4,  3:2,  4:3,  5:5,  6:6,  
[[1, 4], [1, 2], [1, 5], [1, 6], [4, 2], [4, 5], [4, 6], [2, 3], [3, 5], [3, 6]]	Z=43.96227430752503, W=45.45972621305103

55, f=1:1,  2:4,  3:2,  4:3,  5:6,  6:5,  
[[1, 4], [1, 2], [1, 6], [1, 5], [4, 2], [4, 6], [4, 5], [2, 3], [3, 6], [3, 5]]	Z=0, W=2

56, f=1:1,  2:4,  3:2,  4:5,  5:3,  6:6,  
[[1, 4], [1, 2], [1, 3], [1, 6], [4, 2], [4, 3], [4, 6], [2, 5], [5, 3], [5, 6]]	Z=0, W=2

57, f=1:1,  2:4,  3:2,  4:5,  5:6,  6:3,  
[[1, 4], [1, 2], [1, 6], [1, 3], [4, 2], [4, 6], [4, 3], [2, 5], [5, 6], [5, 3]]	Z=0, W=2

58, f=1:1,  2:4,  3:2,  4:6,  5:5,  6:3,  
[[1, 4], [1, 2], [1, 5], [1, 3], [4, 2], [4, 5], [4, 3], [2, 6], [6, 5], [6, 3]]	Z=0, W=2

59, f=1:1,  2:4,  3:2,  4:6,  5:3,  6:5,  
[[1, 4], [1, 2], [1, 3], [1, 5], [4, 2], [4, 3], [4, 5], [2, 6], [6, 3], [6, 5]]	Z=0, W=2

60, f=1:1,  2:4,  3:5,  4:2,  5:3,  6:6,  
[[1, 4], [1, 5], [1, 3], [1, 6], [4, 5], [4, 3], [4, 6], [5, 2], [2, 3], [2, 6]]	Z=0, W=2

61, f=1:1,  2:4,  3:5,  4:2,  5:6,  6:3,  
[[1, 4], [1, 5], [1, 6], [1, 3], [4, 5], [4, 6], [4, 3], [5, 2], [2, 6], [2, 3]]	Z=0, W=2

62, f=1:1,  2:4,  3:5,  4:3,  5:2,  6:6,  
[[1, 4], [1, 5], [1, 2], [1, 6], [4, 5], [4, 2], [4, 6], [5, 3], [3, 2], [3, 6]]	Z=0, W=2

63, f=1:1,  2:4,  3:5,  4:3,  5:6,  6:2,  
[[1, 4], [1, 5], [1, 6], [1, 2], [4, 5], [4, 6], [4, 2], [5, 3], [3, 6], [3, 2]]	Z=0, W=2

64, f=1:1,  2:4,  3:5,  4:6,  5:3,  6:2,  
[[1, 4], [1, 5], [1, 3], [1, 2], [4, 5], [4, 3], [4, 2], [5, 6], [6, 3], [6, 2]]	Z=0, W=2

65, f=1:1,  2:4,  3:5,  4:6,  5:2,  6:3,  
[[1, 4], [1, 5], [1, 2], [1, 3], [4, 5], [4, 2], [4, 3], [5, 6], [6, 2], [6, 3]]	Z=0, W=2

66, f=1:1,  2:4,  3:6,  4:2,  5:5,  6:3,  
[[1, 4], [1, 6], [1, 5], [1, 3], [4, 6], [4, 5], [4, 3], [6, 2], [2, 5], [2, 3]]	Z=0, W=2

67, f=1:1,  2:4,  3:6,  4:2,  5:3,  6:5,  
[[1, 4], [1, 6], [1, 3], [1, 5], [4, 6], [4, 3], [4, 5], [6, 2], [2, 3], [2, 5]]	Z=0, W=2

68, f=1:1,  2:4,  3:6,  4:5,  5:2,  6:3,  
[[1, 4], [1, 6], [1, 2], [1, 3], [4, 6], [4, 2], [4, 3], [6, 5], [5, 2], [5, 3]]	Z=0, W=2

69, f=1:1,  2:4,  3:6,  4:5,  5:3,  6:2,  
[[1, 4], [1, 6], [1, 3], [1, 2], [4, 6], [4, 3], [4, 2], [6, 5], [5, 3], [5, 2]]	Z=0, W=2

70, f=1:1,  2:4,  3:6,  4:3,  5:5,  6:2,  
[[1, 4], [1, 6], [1, 5], [1, 2], [4, 6], [4, 5], [4, 2], [6, 3], [3, 5], [3, 2]]	Z=0, W=2

71, f=1:1,  2:4,  3:6,  4:3,  5:2,  6:5,  
[[1, 4], [1, 6], [1, 2], [1, 5], [4, 6], [4, 2], [4, 5], [6, 3], [3, 2], [3, 5]]	Z=0, W=2

72, f=1:1,  2:5,  3:3,  4:4,  5:2,  6:6,  
[[1, 5], [1, 3], [1, 2], [1, 6], [5, 3], [5, 2], [5, 6], [3, 4], [4, 2], [4, 6]]	Z=-194082.0488053199, W=194081.9077319207

73, f=1:1,  2:5,  3:3,  4:4,  5:6,  6:2,  
[[1, 5], [1, 3], [1, 6], [1, 2], [5, 3], [5, 6], [5, 2], [3, 4], [4, 6], [4, 2]]	Z=0, W=2

74, f=1:1,  2:5,  3:3,  4:2,  5:4,  6:6,  
[[1, 5], [1, 3], [1, 4], [1, 6], [5, 3], [5, 4], [5, 6], [3, 2], [2, 4], [2, 6]]	Z=-328.1288434792535, W=327.39754719818075

75, f=1:1,  2:5,  3:3,  4:2,  5:6,  6:4,  
[[1, 5], [1, 3], [1, 6], [1, 4], [5, 3], [5, 6], [5, 4], [3, 2], [2, 6], [2, 4]]	Z=0, W=2

76, f=1:1,  2:5,  3:3,  4:6,  5:2,  6:4,  
[[1, 5], [1, 3], [1, 2], [1, 4], [5, 3], [5, 2], [5, 4], [3, 6], [6, 2], [6, 4]]	Z=-12.7669924290216, W=12.250805246687104

77, f=1:1,  2:5,  3:3,  4:6,  5:4,  6:2,  
[[1, 5], [1, 3], [1, 4], [1, 2], [5, 3], [5, 4], [5, 2], [3, 6], [6, 4], [6, 2]]	Z=0, W=2

78, f=1:1,  2:5,  3:4,  4:3,  5:2,  6:6,  
[[1, 5], [1, 4], [1, 2], [1, 6], [5, 4], [5, 2], [5, 6], [4, 3], [3, 2], [3, 6]]	Z=489209.72578755784, W=489211.5950694716

79, f=1:1,  2:5,  3:4,  4:3,  5:6,  6:2,  
[[1, 5], [1, 4], [1, 6], [1, 2], [5, 4], [5, 6], [5, 2], [4, 3], [3, 6], [3, 2]]	Z=0, W=2

80, f=1:1,  2:5,  3:4,  4:2,  5:3,  6:6,  
[[1, 5], [1, 4], [1, 3], [1, 6], [5, 4], [5, 3], [5, 6], [4, 2], [2, 3], [2, 6]]	Z=0, W=2

81, f=1:1,  2:5,  3:4,  4:2,  5:6,  6:3,  
[[1, 5], [1, 4], [1, 6], [1, 3], [5, 4], [5, 6], [5, 3], [4, 2], [2, 6], [2, 3]]	Z=0, W=2

82, f=1:1,  2:5,  3:4,  4:6,  5:2,  6:3,  
[[1, 5], [1, 4], [1, 2], [1, 3], [5, 4], [5, 2], [5, 3], [4, 6], [6, 2], [6, 3]]	Z=0, W=2

83, f=1:1,  2:5,  3:4,  4:6,  5:3,  6:2,  
[[1, 5], [1, 4], [1, 3], [1, 2], [5, 4], [5, 3], [5, 2], [4, 6], [6, 3], [6, 2]]	Z=0, W=2

84, f=1:1,  2:5,  3:2,  4:4,  5:3,  6:6,  
[[1, 5], [1, 2], [1, 3], [1, 6], [5, 2], [5, 3], [5, 6], [2, 4], [4, 3], [4, 6]]	Z=0, W=2

85, f=1:1,  2:5,  3:2,  4:4,  5:6,  6:3,  
[[1, 5], [1, 2], [1, 6], [1, 3], [5, 2], [5, 6], [5, 3], [2, 4], [4, 6], [4, 3]]	Z=0, W=2

86, f=1:1,  2:5,  3:2,  4:3,  5:4,  6:6,  
[[1, 5], [1, 2], [1, 4], [1, 6], [5, 2], [5, 4], [5, 6], [2, 3], [3, 4], [3, 6]]	Z=0, W=2

87, f=1:1,  2:5,  3:2,  4:3,  5:6,  6:4,  
[[1, 5], [1, 2], [1, 6], [1, 4], [5, 2], [5, 6], [5, 4], [2, 3], [3, 6], [3, 4]]	Z=0, W=2

88, f=1:1,  2:5,  3:2,  4:6,  5:3,  6:4,  
[[1, 5], [1, 2], [1, 3], [1, 4], [5, 2], [5, 3], [5, 4], [2, 6], [6, 3], [6, 4]]	Z=0, W=2

89, f=1:1,  2:5,  3:2,  4:6,  5:4,  6:3,  
[[1, 5], [1, 2], [1, 4], [1, 3], [5, 2], [5, 4], [5, 3], [2, 6], [6, 4], [6, 3]]	Z=0, W=2

90, f=1:1,  2:5,  3:6,  4:4,  5:2,  6:3,  
[[1, 5], [1, 6], [1, 2], [1, 3], [5, 6], [5, 2], [5, 3], [6, 4], [4, 2], [4, 3]]	Z=0, W=2

91, f=1:1,  2:5,  3:6,  4:4,  5:3,  6:2,  
[[1, 5], [1, 6], [1, 3], [1, 2], [5, 6], [5, 3], [5, 2], [6, 4], [4, 3], [4, 2]]	Z=0, W=2

92, f=1:1,  2:5,  3:6,  4:2,  5:4,  6:3,  
[[1, 5], [1, 6], [1, 4], [1, 3], [5, 6], [5, 4], [5, 3], [6, 2], [2, 4], [2, 3]]	Z=0, W=2

93, f=1:1,  2:5,  3:6,  4:2,  5:3,  6:4,  
[[1, 5], [1, 6], [1, 3], [1, 4], [5, 6], [5, 3], [5, 4], [6, 2], [2, 3], [2, 4]]	Z=0, W=2

94, f=1:1,  2:5,  3:6,  4:3,  5:2,  6:4,  
[[1, 5], [1, 6], [1, 2], [1, 4], [5, 6], [5, 2], [5, 4], [6, 3], [3, 2], [3, 4]]	Z=0, W=2

95, f=1:1,  2:5,  3:6,  4:3,  5:4,  6:2,  
[[1, 5], [1, 6], [1, 4], [1, 2], [5, 6], [5, 4], [5, 2], [6, 3], [3, 4], [3, 2]]	Z=0, W=2

96, f=1:1,  2:6,  3:3,  4:4,  5:5,  6:2,  
[[1, 6], [1, 3], [1, 5], [1, 2], [6, 3], [6, 5], [6, 2], [3, 4], [4, 5], [4, 2]]	Z=-778289.2238475372, W=778289.093350588

97, f=1:1,  2:6,  3:3,  4:4,  5:2,  6:5,  
[[1, 6], [1, 3], [1, 2], [1, 5], [6, 3], [6, 2], [6, 5], [3, 4], [4, 2], [4, 5]]	Z=0, W=2

98, f=1:1,  2:6,  3:3,  4:5,  5:4,  6:2,  
[[1, 6], [1, 3], [1, 4], [1, 2], [6, 3], [6, 4], [6, 2], [3, 5], [5, 4], [5, 2]]	Z=-49.22935261877003, W=48.72729698707997

99, f=1:1,  2:6,  3:3,  4:5,  5:2,  6:4,  
[[1, 6], [1, 3], [1, 2], [1, 4], [6, 3], [6, 2], [6, 4], [3, 5], [5, 2], [5, 4]]	Z=0, W=2

100, f=1:1,  2:6,  3:3,  4:2,  5:5,  6:4,  
[[1, 6], [1, 3], [1, 5], [1, 4], [6, 3], [6, 5], [6, 4], [3, 2], [2, 5], [2, 4]]	Z=-114.00878610845861, W=113.27859817908826

101, f=1:1,  2:6,  3:3,  4:2,  5:4,  6:5,  
[[1, 6], [1, 3], [1, 4], [1, 5], [6, 3], [6, 4], [6, 5], [3, 2], [2, 4], [2, 5]]	Z=0, W=2

102, f=1:1,  2:6,  3:4,  4:3,  5:5,  6:2,  
[[1, 6], [1, 4], [1, 5], [1, 2], [6, 4], [6, 5], [6, 2], [4, 3], [3, 5], [3, 2]]	Z=374135.1107518668, W=374136.98763653426

103, f=1:1,  2:6,  3:4,  4:3,  5:2,  6:5,  
[[1, 6], [1, 4], [1, 2], [1, 5], [6, 4], [6, 2], [6, 5], [4, 3], [3, 2], [3, 5]]	Z=0, W=2

104, f=1:1,  2:6,  3:4,  4:5,  5:3,  6:2,  
[[1, 6], [1, 4], [1, 3], [1, 2], [6, 4], [6, 3], [6, 2], [4, 5], [5, 3], [5, 2]]	Z=0, W=2

105, f=1:1,  2:6,  3:4,  4:5,  5:2,  6:3,  
[[1, 6], [1, 4], [1, 2], [1, 3], [6, 4], [6, 2], [6, 3], [4, 5], [5, 2], [5, 3]]	Z=0, W=2

106, f=1:1,  2:6,  3:4,  4:2,  5:5,  6:3,  
[[1, 6], [1, 4], [1, 5], [1, 3], [6, 4], [6, 5], [6, 3], [4, 2], [2, 5], [2, 3]]	Z=0, W=2

107, f=1:1,  2:6,  3:4,  4:2,  5:3,  6:5,  
[[1, 6], [1, 4], [1, 3], [1, 5], [6, 4], [6, 3], [6, 5], [4, 2], [2, 3], [2, 5]]	Z=0, W=2

108, f=1:1,  2:6,  3:5,  4:4,  5:3,  6:2,  
[[1, 6], [1, 5], [1, 3], [1, 2], [6, 5], [6, 3], [6, 2], [5, 4], [4, 3], [4, 2]]	Z=0, W=2

109, f=1:1,  2:6,  3:5,  4:4,  5:2,  6:3,  
[[1, 6], [1, 5], [1, 2], [1, 3], [6, 5], [6, 2], [6, 3], [5, 4], [4, 2], [4, 3]]	Z=0, W=2

110, f=1:1,  2:6,  3:5,  4:3,  5:4,  6:2,  
[[1, 6], [1, 5], [1, 4], [1, 2], [6, 5], [6, 4], [6, 2], [5, 3], [3, 4], [3, 2]]	Z=0, W=2

111, f=1:1,  2:6,  3:5,  4:3,  5:2,  6:4,  
[[1, 6], [1, 5], [1, 2], [1, 4], [6, 5], [6, 2], [6, 4], [5, 3], [3, 2], [3, 4]]	Z=0, W=2

112, f=1:1,  2:6,  3:5,  4:2,  5:3,  6:4,  
[[1, 6], [1, 5], [1, 3], [1, 4], [6, 5], [6, 3], [6, 4], [5, 2], [2, 3], [2, 4]]	Z=0, W=2

113, f=1:1,  2:6,  3:5,  4:2,  5:4,  6:3,  
[[1, 6], [1, 5], [1, 4], [1, 3], [6, 5], [6, 4], [6, 3], [5, 2], [2, 4], [2, 3]]	Z=0, W=2

114, f=1:1,  2:6,  3:2,  4:4,  5:5,  6:3,  
[[1, 6], [1, 2], [1, 5], [1, 3], [6, 2], [6, 5], [6, 3], [2, 4], [4, 5], [4, 3]]	Z=0, W=2

115, f=1:1,  2:6,  3:2,  4:4,  5:3,  6:5,  
[[1, 6], [1, 2], [1, 3], [1, 5], [6, 2], [6, 3], [6, 5], [2, 4], [4, 3], [4, 5]]	Z=0, W=2

116, f=1:1,  2:6,  3:2,  4:5,  5:4,  6:3,  
[[1, 6], [1, 2], [1, 4], [1, 3], [6, 2], [6, 4], [6, 3], [2, 5], [5, 4], [5, 3]]	Z=0, W=2

117, f=1:1,  2:6,  3:2,  4:5,  5:3,  6:4,  
[[1, 6], [1, 2], [1, 3], [1, 4], [6, 2], [6, 3], [6, 4], [2, 5], [5, 3], [5, 4]]	Z=0, W=2

118, f=1:1,  2:6,  3:2,  4:3,  5:5,  6:4,  
[[1, 6], [1, 2], [1, 5], [1, 4], [6, 2], [6, 5], [6, 4], [2, 3], [3, 5], [3, 4]]	Z=0, W=2

119, f=1:1,  2:6,  3:2,  4:3,  5:4,  6:5,  
[[1, 6], [1, 2], [1, 4], [1, 5], [6, 2], [6, 4], [6, 5], [2, 3], [3, 4], [3, 5]]	Z=0, W=2

120, f=1:2,  2:1,  3:3,  4:4,  5:5,  6:6,  
[[2, 1], [2, 3], [2, 5], [2, 6], [1, 3], [1, 5], [1, 6], [3, 4], [4, 5], [4, 6]]	Z=0, W=2

121, f=1:2,  2:1,  3:3,  4:4,  5:6,  6:5,  
[[2, 1], [2, 3], [2, 6], [2, 5], [1, 3], [1, 6], [1, 5], [3, 4], [4, 6], [4, 5]]	Z=0, W=2

122, f=1:2,  2:1,  3:3,  4:5,  5:4,  6:6,  
[[2, 1], [2, 3], [2, 4], [2, 6], [1, 3], [1, 4], [1, 6], [3, 5], [5, 4], [5, 6]]	Z=0, W=2

123, f=1:2,  2:1,  3:3,  4:5,  5:6,  6:4,  
[[2, 1], [2, 3], [2, 6], [2, 4], [1, 3], [1, 6], [1, 4], [3, 5], [5, 6], [5, 4]]	Z=0, W=2

124, f=1:2,  2:1,  3:3,  4:6,  5:5,  6:4,  
[[2, 1], [2, 3], [2, 5], [2, 4], [1, 3], [1, 5], [1, 4], [3, 6], [6, 5], [6, 4]]	Z=0, W=2

125, f=1:2,  2:1,  3:3,  4:6,  5:4,  6:5,  
[[2, 1], [2, 3], [2, 4], [2, 5], [1, 3], [1, 4], [1, 5], [3, 6], [6, 4], [6, 5]]	Z=0, W=2

126, f=1:2,  2:1,  3:4,  4:3,  5:5,  6:6,  
[[2, 1], [2, 4], [2, 5], [2, 6], [1, 4], [1, 5], [1, 6], [4, 3], [3, 5], [3, 6]]	Z=0, W=2

127, f=1:2,  2:1,  3:4,  4:3,  5:6,  6:5,  
[[2, 1], [2, 4], [2, 6], [2, 5], [1, 4], [1, 6], [1, 5], [4, 3], [3, 6], [3, 5]]	Z=0, W=2

128, f=1:2,  2:1,  3:4,  4:5,  5:3,  6:6,  
[[2, 1], [2, 4], [2, 3], [2, 6], [1, 4], [1, 3], [1, 6], [4, 5], [5, 3], [5, 6]]	Z=0, W=2

129, f=1:2,  2:1,  3:4,  4:5,  5:6,  6:3,  
[[2, 1], [2, 4], [2, 6], [2, 3], [1, 4], [1, 6], [1, 3], [4, 5], [5, 6], [5, 3]]	Z=0, W=2

130, f=1:2,  2:1,  3:4,  4:6,  5:5,  6:3,  
[[2, 1], [2, 4], [2, 5], [2, 3], [1, 4], [1, 5], [1, 3], [4, 6], [6, 5], [6, 3]]	Z=0, W=2

131, f=1:2,  2:1,  3:4,  4:6,  5:3,  6:5,  
[[2, 1], [2, 4], [2, 3], [2, 5], [1, 4], [1, 3], [1, 5], [4, 6], [6, 3], [6, 5]]	Z=0, W=2

132, f=1:2,  2:1,  3:5,  4:4,  5:3,  6:6,  
[[2, 1], [2, 5], [2, 3], [2, 6], [1, 5], [1, 3], [1, 6], [5, 4], [4, 3], [4, 6]]	Z=0, W=2

133, f=1:2,  2:1,  3:5,  4:4,  5:6,  6:3,  
[[2, 1], [2, 5], [2, 6], [2, 3], [1, 5], [1, 6], [1, 3], [5, 4], [4, 6], [4, 3]]	Z=0, W=2

134, f=1:2,  2:1,  3:5,  4:3,  5:4,  6:6,  
[[2, 1], [2, 5], [2, 4], [2, 6], [1, 5], [1, 4], [1, 6], [5, 3], [3, 4], [3, 6]]	Z=0, W=2

135, f=1:2,  2:1,  3:5,  4:3,  5:6,  6:4,  
[[2, 1], [2, 5], [2, 6], [2, 4], [1, 5], [1, 6], [1, 4], [5, 3], [3, 6], [3, 4]]	Z=0, W=2

136, f=1:2,  2:1,  3:5,  4:6,  5:3,  6:4,  
[[2, 1], [2, 5], [2, 3], [2, 4], [1, 5], [1, 3], [1, 4], [5, 6], [6, 3], [6, 4]]	Z=0, W=2

137, f=1:2,  2:1,  3:5,  4:6,  5:4,  6:3,  
[[2, 1], [2, 5], [2, 4], [2, 3], [1, 5], [1, 4], [1, 3], [5, 6], [6, 4], [6, 3]]	Z=0, W=2

138, f=1:2,  2:1,  3:6,  4:4,  5:5,  6:3,  
[[2, 1], [2, 6], [2, 5], [2, 3], [1, 6], [1, 5], [1, 3], [6, 4], [4, 5], [4, 3]]	Z=0, W=2

139, f=1:2,  2:1,  3:6,  4:4,  5:3,  6:5,  
[[2, 1], [2, 6], [2, 3], [2, 5], [1, 6], [1, 3], [1, 5], [6, 4], [4, 3], [4, 5]]	Z=0, W=2

140, f=1:2,  2:1,  3:6,  4:5,  5:4,  6:3,  
[[2, 1], [2, 6], [2, 4], [2, 3], [1, 6], [1, 4], [1, 3], [6, 5], [5, 4], [5, 3]]	Z=0, W=2

141, f=1:2,  2:1,  3:6,  4:5,  5:3,  6:4,  
[[2, 1], [2, 6], [2, 3], [2, 4], [1, 6], [1, 3], [1, 4], [6, 5], [5, 3], [5, 4]]	Z=0, W=2

142, f=1:2,  2:1,  3:6,  4:3,  5:5,  6:4,  
[[2, 1], [2, 6], [2, 5], [2, 4], [1, 6], [1, 5], [1, 4], [6, 3], [3, 5], [3, 4]]	Z=0, W=2

143, f=1:2,  2:1,  3:6,  4:3,  5:4,  6:5,  
[[2, 1], [2, 6], [2, 4], [2, 5], [1, 6], [1, 4], [1, 5], [6, 3], [3, 4], [3, 5]]	Z=0, W=2

144, f=1:2,  2:3,  3:1,  4:4,  5:5,  6:6,  
[[2, 3], [2, 1], [2, 5], [2, 6], [3, 1], [3, 5], [3, 6], [1, 4], [4, 5], [4, 6]]	Z=-150.00122157640456, W=150.86992635722453

145, f=1:2,  2:3,  3:1,  4:4,  5:6,  6:5,  
[[2, 3], [2, 1], [2, 6], [2, 5], [3, 1], [3, 6], [3, 5], [1, 4], [4, 6], [4, 5]]	Z=0, W=2

146, f=1:2,  2:3,  3:1,  4:5,  5:4,  6:6,  
[[2, 3], [2, 1], [2, 4], [2, 6], [3, 1], [3, 4], [3, 6], [1, 5], [5, 4], [5, 6]]	Z=-2641974.5549996234, W=2641976.135274334

147, f=1:2,  2:3,  3:1,  4:5,  5:6,  6:4,  
[[2, 3], [2, 1], [2, 6], [2, 4], [3, 1], [3, 6], [3, 4], [1, 5], [5, 6], [5, 4]]	Z=0, W=2

148, f=1:2,  2:3,  3:1,  4:6,  5:5,  6:4,  
[[2, 3], [2, 1], [2, 5], [2, 4], [3, 1], [3, 5], [3, 4], [1, 6], [6, 5], [6, 4]]	Z=844477.9193851412, W=844481.5133099027

149, f=1:2,  2:3,  3:1,  4:6,  5:4,  6:5,  
[[2, 3], [2, 1], [2, 4], [2, 5], [3, 1], [3, 4], [3, 5], [1, 6], [6, 4], [6, 5]]	Z=0, W=2

150, f=1:2,  2:3,  3:4,  4:1,  5:5,  6:6,  
[[2, 3], [2, 4], [2, 5], [2, 6], [3, 4], [3, 5], [3, 6], [4, 1], [1, 5], [1, 6]]	Z=-7.258999106765024e-10, W=1.146215610839561

151, f=1:2,  2:3,  3:4,  4:1,  5:6,  6:5,  
[[2, 3], [2, 4], [2, 6], [2, 5], [3, 4], [3, 6], [3, 5], [4, 1], [1, 6], [1, 5]]	Z=0, W=2

152, f=1:2,  2:3,  3:4,  4:5,  5:1,  6:6,  
[[2, 3], [2, 4], [2, 1], [2, 6], [3, 4], [3, 1], [3, 6], [4, 5], [5, 1], [5, 6]]	Z=0, W=2

153, f=1:2,  2:3,  3:4,  4:5,  5:6,  6:1,  
[[2, 3], [2, 4], [2, 6], [2, 1], [3, 4], [3, 6], [3, 1], [4, 5], [5, 6], [5, 1]]	Z=0, W=2

154, f=1:2,  2:3,  3:4,  4:6,  5:5,  6:1,  
[[2, 3], [2, 4], [2, 5], [2, 1], [3, 4], [3, 5], [3, 1], [4, 6], [6, 5], [6, 1]]	Z=0, W=2

155, f=1:2,  2:3,  3:4,  4:6,  5:1,  6:5,  
[[2, 3], [2, 4], [2, 1], [2, 5], [3, 4], [3, 1], [3, 5], [4, 6], [6, 1], [6, 5]]	Z=0, W=2

156, f=1:2,  2:3,  3:5,  4:4,  5:1,  6:6,  
[[2, 3], [2, 5], [2, 1], [2, 6], [3, 5], [3, 1], [3, 6], [5, 4], [4, 1], [4, 6]]	Z=0, W=2

157, f=1:2,  2:3,  3:5,  4:4,  5:6,  6:1,  
[[2, 3], [2, 5], [2, 6], [2, 1], [3, 5], [3, 6], [3, 1], [5, 4], [4, 6], [4, 1]]	Z=0, W=2

158, f=1:2,  2:3,  3:5,  4:1,  5:4,  6:6,  
[[2, 3], [2, 5], [2, 4], [2, 6], [3, 5], [3, 4], [3, 6], [5, 1], [1, 4], [1, 6]]	Z=0, W=2

159, f=1:2,  2:3,  3:5,  4:1,  5:6,  6:4,  
[[2, 3], [2, 5], [2, 6], [2, 4], [3, 5], [3, 6], [3, 4], [5, 1], [1, 6], [1, 4]]	Z=0, W=2

160, f=1:2,  2:3,  3:5,  4:6,  5:1,  6:4,  
[[2, 3], [2, 5], [2, 1], [2, 4], [3, 5], [3, 1], [3, 4], [5, 6], [6, 1], [6, 4]]	Z=0, W=2

161, f=1:2,  2:3,  3:5,  4:6,  5:4,  6:1,  
[[2, 3], [2, 5], [2, 4], [2, 1], [3, 5], [3, 4], [3, 1], [5, 6], [6, 4], [6, 1]]	Z=0, W=2

162, f=1:2,  2:3,  3:6,  4:4,  5:5,  6:1,  
[[2, 3], [2, 6], [2, 5], [2, 1], [3, 6], [3, 5], [3, 1], [6, 4], [4, 5], [4, 1]]	Z=0, W=2

163, f=1:2,  2:3,  3:6,  4:4,  5:1,  6:5,  
[[2, 3], [2, 6], [2, 1], [2, 5], [3, 6], [3, 1], [3, 5], [6, 4], [4, 1], [4, 5]]	Z=0, W=2

164, f=1:2,  2:3,  3:6,  4:5,  5:4,  6:1,  
[[2, 3], [2, 6], [2, 4], [2, 1], [3, 6], [3, 4], [3, 1], [6, 5], [5, 4], [5, 1]]	Z=0, W=2

165, f=1:2,  2:3,  3:6,  4:5,  5:1,  6:4,  
[[2, 3], [2, 6], [2, 1], [2, 4], [3, 6], [3, 1], [3, 4], [6, 5], [5, 1], [5, 4]]	Z=0, W=2

166, f=1:2,  2:3,  3:6,  4:1,  5:5,  6:4,  
[[2, 3], [2, 6], [2, 5], [2, 4], [3, 6], [3, 5], [3, 4], [6, 1], [1, 5], [1, 4]]	Z=0, W=2

167, f=1:2,  2:3,  3:6,  4:1,  5:4,  6:5,  
[[2, 3], [2, 6], [2, 4], [2, 5], [3, 6], [3, 4], [3, 5], [6, 1], [1, 4], [1, 5]]	Z=0, W=2

168, f=1:2,  2:4,  3:3,  4:1,  5:5,  6:6,  
[[2, 4], [2, 3], [2, 5], [2, 6], [4, 3], [4, 5], [4, 6], [3, 1], [1, 5], [1, 6]]	Z=0.032939674342616056, W=2.0329396743426162

169, f=1:2,  2:4,  3:3,  4:1,  5:6,  6:5,  
[[2, 4], [2, 3], [2, 6], [2, 5], [4, 3], [4, 6], [4, 5], [3, 1], [1, 6], [1, 5]]	Z=0, W=2

170, f=1:2,  2:4,  3:3,  4:5,  5:1,  6:6,  
[[2, 4], [2, 3], [2, 1], [2, 6], [4, 3], [4, 1], [4, 6], [3, 5], [5, 1], [5, 6]]	Z=1268855.8337680323, W=1268859.4458856941

171, f=1:2,  2:4,  3:3,  4:5,  5:6,  6:1,  
[[2, 4], [2, 3], [2, 6], [2, 1], [4, 3], [4, 6], [4, 1], [3, 5], [5, 6], [5, 1]]	Z=0, W=2

172, f=1:2,  2:4,  3:3,  4:6,  5:5,  6:1,  
[[2, 4], [2, 3], [2, 5], [2, 1], [4, 3], [4, 5], [4, 1], [3, 6], [6, 5], [6, 1]]	Z=-2140239.6745466227, W=2140241.3062943406

173, f=1:2,  2:4,  3:3,  4:6,  5:1,  6:5,  
[[2, 4], [2, 3], [2, 1], [2, 5], [4, 3], [4, 1], [4, 5], [3, 6], [6, 1], [6, 5]]	Z=0, W=2

174, f=1:2,  2:4,  3:1,  4:3,  5:5,  6:6,  
[[2, 4], [2, 1], [2, 5], [2, 6], [4, 1], [4, 5], [4, 6], [1, 3], [3, 5], [3, 6]]	Z=50.0175813197101, W=52.90041765117451

175, f=1:2,  2:4,  3:1,  4:3,  5:6,  6:5,  
[[2, 4], [2, 1], [2, 6], [2, 5], [4, 1], [4, 6], [4, 5], [1, 3], [3, 6], [3, 5]]	Z=0, W=2

176, f=1:2,  2:4,  3:1,  4:5,  5:3,  6:6,  
[[2, 4], [2, 1], [2, 3], [2, 6], [4, 1], [4, 3], [4, 6], [1, 5], [5, 3], [5, 6]]	Z=0, W=2

177, f=1:2,  2:4,  3:1,  4:5,  5:6,  6:3,  
[[2, 4], [2, 1], [2, 6], [2, 3], [4, 1], [4, 6], [4, 3], [1, 5], [5, 6], [5, 3]]	Z=0, W=2

178, f=1:2,  2:4,  3:1,  4:6,  5:5,  6:3,  
[[2, 4], [2, 1], [2, 5], [2, 3], [4, 1], [4, 5], [4, 3], [1, 6], [6, 5], [6, 3]]	Z=0, W=2

179, f=1:2,  2:4,  3:1,  4:6,  5:3,  6:5,  
[[2, 4], [2, 1], [2, 3], [2, 5], [4, 1], [4, 3], [4, 5], [1, 6], [6, 3], [6, 5]]	Z=0, W=2

180, f=1:2,  2:4,  3:5,  4:1,  5:3,  6:6,  
[[2, 4], [2, 5], [2, 3], [2, 6], [4, 5], [4, 3], [4, 6], [5, 1], [1, 3], [1, 6]]	Z=0, W=2

181, f=1:2,  2:4,  3:5,  4:1,  5:6,  6:3,  
[[2, 4], [2, 5], [2, 6], [2, 3], [4, 5], [4, 6], [4, 3], [5, 1], [1, 6], [1, 3]]	Z=0, W=2

182, f=1:2,  2:4,  3:5,  4:3,  5:1,  6:6,  
[[2, 4], [2, 5], [2, 1], [2, 6], [4, 5], [4, 1], [4, 6], [5, 3], [3, 1], [3, 6]]	Z=0, W=2

183, f=1:2,  2:4,  3:5,  4:3,  5:6,  6:1,  
[[2, 4], [2, 5], [2, 6], [2, 1], [4, 5], [4, 6], [4, 1], [5, 3], [3, 6], [3, 1]]	Z=0, W=2

184, f=1:2,  2:4,  3:5,  4:6,  5:3,  6:1,  
[[2, 4], [2, 5], [2, 3], [2, 1], [4, 5], [4, 3], [4, 1], [5, 6], [6, 3], [6, 1]]	Z=0, W=2

185, f=1:2,  2:4,  3:5,  4:6,  5:1,  6:3,  
[[2, 4], [2, 5], [2, 1], [2, 3], [4, 5], [4, 1], [4, 3], [5, 6], [6, 1], [6, 3]]	Z=0, W=2

186, f=1:2,  2:4,  3:6,  4:1,  5:5,  6:3,  
[[2, 4], [2, 6], [2, 5], [2, 3], [4, 6], [4, 5], [4, 3], [6, 1], [1, 5], [1, 3]]	Z=0, W=2

187, f=1:2,  2:4,  3:6,  4:1,  5:3,  6:5,  
[[2, 4], [2, 6], [2, 3], [2, 5], [4, 6], [4, 3], [4, 5], [6, 1], [1, 3], [1, 5]]	Z=0, W=2

188, f=1:2,  2:4,  3:6,  4:5,  5:1,  6:3,  
[[2, 4], [2, 6], [2, 1], [2, 3], [4, 6], [4, 1], [4, 3], [6, 5], [5, 1], [5, 3]]	Z=0, W=2

189, f=1:2,  2:4,  3:6,  4:5,  5:3,  6:1,  
[[2, 4], [2, 6], [2, 3], [2, 1], [4, 6], [4, 3], [4, 1], [6, 5], [5, 3], [5, 1]]	Z=0, W=2

190, f=1:2,  2:4,  3:6,  4:3,  5:5,  6:1,  
[[2, 4], [2, 6], [2, 5], [2, 1], [4, 6], [4, 5], [4, 1], [6, 3], [3, 5], [3, 1]]	Z=0, W=2

191, f=1:2,  2:4,  3:6,  4:3,  5:1,  6:5,  
[[2, 4], [2, 6], [2, 1], [2, 5], [4, 6], [4, 1], [4, 5], [6, 3], [3, 1], [3, 5]]	Z=0, W=2

192, f=1:2,  2:5,  3:3,  4:4,  5:1,  6:6,  
[[2, 5], [2, 3], [2, 1], [2, 6], [5, 3], [5, 1], [5, 6], [3, 4], [4, 1], [4, 6]]	Z=-1270730.8521518307, W=1270732.4819759517

193, f=1:2,  2:5,  3:3,  4:4,  5:6,  6:1,  
[[2, 5], [2, 3], [2, 6], [2, 1], [5, 3], [5, 6], [5, 1], [3, 4], [4, 6], [4, 1]]	Z=0, W=2

194, f=1:2,  2:5,  3:3,  4:1,  5:4,  6:6,  
[[2, 5], [2, 3], [2, 4], [2, 6], [5, 3], [5, 4], [5, 6], [3, 1], [1, 4], [1, 6]]	Z=-85.45143732929618, W=85.92843030434464

195, f=1:2,  2:5,  3:3,  4:1,  5:6,  6:4,  
[[2, 5], [2, 3], [2, 6], [2, 4], [5, 3], [5, 6], [5, 4], [3, 1], [1, 6], [1, 4]]	Z=0, W=2

196, f=1:2,  2:5,  3:3,  4:6,  5:1,  6:4,  
[[2, 5], [2, 3], [2, 1], [2, 4], [5, 3], [5, 1], [5, 4], [3, 6], [6, 1], [6, 4]]	Z=-249.0657110775934, W=250.01741916060138

197, f=1:2,  2:5,  3:3,  4:6,  5:4,  6:1,  
[[2, 5], [2, 3], [2, 4], [2, 1], [5, 3], [5, 4], [5, 1], [3, 6], [6, 4], [6, 1]]	Z=0, W=2

198, f=1:2,  2:5,  3:4,  4:3,  5:1,  6:6,  
[[2, 5], [2, 4], [2, 1], [2, 6], [5, 4], [5, 1], [5, 6], [4, 3], [3, 1], [3, 6]]	Z=883685.6162873887, W=883689.2318357417

199, f=1:2,  2:5,  3:4,  4:3,  5:6,  6:1,  
[[2, 5], [2, 4], [2, 6], [2, 1], [5, 4], [5, 6], [5, 1], [4, 3], [3, 6], [3, 1]]	Z=0, W=2

200, f=1:2,  2:5,  3:4,  4:1,  5:3,  6:6,  
[[2, 5], [2, 4], [2, 3], [2, 6], [5, 4], [5, 3], [5, 6], [4, 1], [1, 3], [1, 6]]	Z=0, W=2

201, f=1:2,  2:5,  3:4,  4:1,  5:6,  6:3,  
[[2, 5], [2, 4], [2, 6], [2, 3], [5, 4], [5, 6], [5, 3], [4, 1], [1, 6], [1, 3]]	Z=0, W=2

202, f=1:2,  2:5,  3:4,  4:6,  5:1,  6:3,  
[[2, 5], [2, 4], [2, 1], [2, 3], [5, 4], [5, 1], [5, 3], [4, 6], [6, 1], [6, 3]]	Z=0, W=2

203, f=1:2,  2:5,  3:4,  4:6,  5:3,  6:1,  
[[2, 5], [2, 4], [2, 3], [2, 1], [5, 4], [5, 3], [5, 1], [4, 6], [6, 3], [6, 1]]	Z=0, W=2

204, f=1:2,  2:5,  3:1,  4:4,  5:3,  6:6,  
[[2, 5], [2, 1], [2, 3], [2, 6], [5, 1], [5, 3], [5, 6], [1, 4], [4, 3], [4, 6]]	Z=0, W=2

205, f=1:2,  2:5,  3:1,  4:4,  5:6,  6:3,  
[[2, 5], [2, 1], [2, 6], [2, 3], [5, 1], [5, 6], [5, 3], [1, 4], [4, 6], [4, 3]]	Z=0, W=2

206, f=1:2,  2:5,  3:1,  4:3,  5:4,  6:6,  
[[2, 5], [2, 1], [2, 4], [2, 6], [5, 1], [5, 4], [5, 6], [1, 3], [3, 4], [3, 6]]	Z=0, W=2

207, f=1:2,  2:5,  3:1,  4:3,  5:6,  6:4,  
[[2, 5], [2, 1], [2, 6], [2, 4], [5, 1], [5, 6], [5, 4], [1, 3], [3, 6], [3, 4]]	Z=0, W=2

208, f=1:2,  2:5,  3:1,  4:6,  5:3,  6:4,  
[[2, 5], [2, 1], [2, 3], [2, 4], [5, 1], [5, 3], [5, 4], [1, 6], [6, 3], [6, 4]]	Z=0, W=2

209, f=1:2,  2:5,  3:1,  4:6,  5:4,  6:3,  
[[2, 5], [2, 1], [2, 4], [2, 3], [5, 1], [5, 4], [5, 3], [1, 6], [6, 4], [6, 3]]	Z=0, W=2

210, f=1:2,  2:5,  3:6,  4:4,  5:1,  6:3,  
[[2, 5], [2, 6], [2, 1], [2, 3], [5, 6], [5, 1], [5, 3], [6, 4], [4, 1], [4, 3]]	Z=0, W=2

211, f=1:2,  2:5,  3:6,  4:4,  5:3,  6:1,  
[[2, 5], [2, 6], [2, 3], [2, 1], [5, 6], [5, 3], [5, 1], [6, 4], [4, 3], [4, 1]]	Z=0, W=2

212, f=1:2,  2:5,  3:6,  4:1,  5:4,  6:3,  
[[2, 5], [2, 6], [2, 4], [2, 3], [5, 6], [5, 4], [5, 3], [6, 1], [1, 4], [1, 3]]	Z=0, W=2

213, f=1:2,  2:5,  3:6,  4:1,  5:3,  6:4,  
[[2, 5], [2, 6], [2, 3], [2, 4], [5, 6], [5, 3], [5, 4], [6, 1], [1, 3], [1, 4]]	Z=0, W=2

214, f=1:2,  2:5,  3:6,  4:3,  5:1,  6:4,  
[[2, 5], [2, 6], [2, 1], [2, 4], [5, 6], [5, 1], [5, 4], [6, 3], [3, 1], [3, 4]]	Z=0, W=2

215, f=1:2,  2:5,  3:6,  4:3,  5:4,  6:1,  
[[2, 5], [2, 6], [2, 4], [2, 1], [5, 6], [5, 4], [5, 1], [6, 3], [3, 4], [3, 1]]	Z=0, W=2

216, f=1:2,  2:6,  3:3,  4:4,  5:5,  6:1,  
[[2, 6], [2, 3], [2, 5], [2, 1], [6, 3], [6, 5], [6, 1], [3, 4], [4, 5], [4, 1]]	Z=-6438551.346949066, W=6438553.014302154

217, f=1:2,  2:6,  3:3,  4:4,  5:1,  6:5,  
[[2, 6], [2, 3], [2, 1], [2, 5], [6, 3], [6, 1], [6, 5], [3, 4], [4, 1], [4, 5]]	Z=0, W=2

218, f=1:2,  2:6,  3:3,  4:5,  5:4,  6:1,  
[[2, 6], [2, 3], [2, 4], [2, 1], [6, 3], [6, 4], [6, 1], [3, 5], [5, 4], [5, 1]]	Z=-746.9444944880269, W=747.9106011470495

219, f=1:2,  2:6,  3:3,  4:5,  5:1,  6:4,  
[[2, 6], [2, 3], [2, 1], [2, 4], [6, 3], [6, 1], [6, 4], [3, 5], [5, 1], [5, 4]]	Z=0, W=2

220, f=1:2,  2:6,  3:3,  4:1,  5:5,  6:4,  
[[2, 6], [2, 3], [2, 5], [2, 4], [6, 3], [6, 5], [6, 4], [3, 1], [1, 5], [1, 4]]	Z=-32.136908478962276, W=32.60465646528027

221, f=1:2,  2:6,  3:3,  4:1,  5:4,  6:5,  
[[2, 6], [2, 3], [2, 4], [2, 5], [6, 3], [6, 4], [6, 5], [3, 1], [1, 4], [1, 5]]	Z=0, W=2

222, f=1:2,  2:6,  3:4,  4:3,  5:5,  6:1,  
[[2, 6], [2, 4], [2, 5], [2, 1], [6, 4], [6, 5], [6, 1], [4, 3], [3, 5], [3, 1]]	Z=848238.6617083624, W=848242.3087453125

223, f=1:2,  2:6,  3:4,  4:3,  5:1,  6:5,  
[[2, 6], [2, 4], [2, 1], [2, 5], [6, 4], [6, 1], [6, 5], [4, 3], [3, 1], [3, 5]]	Z=0, W=2

224, f=1:2,  2:6,  3:4,  4:5,  5:3,  6:1,  
[[2, 6], [2, 4], [2, 3], [2, 1], [6, 4], [6, 3], [6, 1], [4, 5], [5, 3], [5, 1]]	Z=0, W=2

225, f=1:2,  2:6,  3:4,  4:5,  5:1,  6:3,  
[[2, 6], [2, 4], [2, 1], [2, 3], [6, 4], [6, 1], [6, 3], [4, 5], [5, 1], [5, 3]]	Z=0, W=2

226, f=1:2,  2:6,  3:4,  4:1,  5:5,  6:3,  
[[2, 6], [2, 4], [2, 5], [2, 3], [6, 4], [6, 5], [6, 3], [4, 1], [1, 5], [1, 3]]	Z=0, W=2

227, f=1:2,  2:6,  3:4,  4:1,  5:3,  6:5,  
[[2, 6], [2, 4], [2, 3], [2, 5], [6, 4], [6, 3], [6, 5], [4, 1], [1, 3], [1, 5]]	Z=0, W=2

228, f=1:2,  2:6,  3:5,  4:4,  5:3,  6:1,  
[[2, 6], [2, 5], [2, 3], [2, 1], [6, 5], [6, 3], [6, 1], [5, 4], [4, 3], [4, 1]]	Z=0, W=2

229, f=1:2,  2:6,  3:5,  4:4,  5:1,  6:3,  
[[2, 6], [2, 5], [2, 1], [2, 3], [6, 5], [6, 1], [6, 3], [5, 4], [4, 1], [4, 3]]	Z=0, W=2

230, f=1:2,  2:6,  3:5,  4:3,  5:4,  6:1,  
[[2, 6], [2, 5], [2, 4], [2, 1], [6, 5], [6, 4], [6, 1], [5, 3], [3, 4], [3, 1]]	Z=0, W=2

231, f=1:2,  2:6,  3:5,  4:3,  5:1,  6:4,  
[[2, 6], [2, 5], [2, 1], [2, 4], [6, 5], [6, 1], [6, 4], [5, 3], [3, 1], [3, 4]]	Z=0, W=2

232, f=1:2,  2:6,  3:5,  4:1,  5:3,  6:4,  
[[2, 6], [2, 5], [2, 3], [2, 4], [6, 5], [6, 3], [6, 4], [5, 1], [1, 3], [1, 4]]	Z=0, W=2

233, f=1:2,  2:6,  3:5,  4:1,  5:4,  6:3,  
[[2, 6], [2, 5], [2, 4], [2, 3], [6, 5], [6, 4], [6, 3], [5, 1], [1, 4], [1, 3]]	Z=0, W=2

234, f=1:2,  2:6,  3:1,  4:4,  5:5,  6:3,  
[[2, 6], [2, 1], [2, 5], [2, 3], [6, 1], [6, 5], [6, 3], [1, 4], [4, 5], [4, 3]]	Z=0, W=2

235, f=1:2,  2:6,  3:1,  4:4,  5:3,  6:5,  
[[2, 6], [2, 1], [2, 3], [2, 5], [6, 1], [6, 3], [6, 5], [1, 4], [4, 3], [4, 5]]	Z=0, W=2

236, f=1:2,  2:6,  3:1,  4:5,  5:4,  6:3,  
[[2, 6], [2, 1], [2, 4], [2, 3], [6, 1], [6, 4], [6, 3], [1, 5], [5, 4], [5, 3]]	Z=0, W=2

237, f=1:2,  2:6,  3:1,  4:5,  5:3,  6:4,  
[[2, 6], [2, 1], [2, 3], [2, 4], [6, 1], [6, 3], [6, 4], [1, 5], [5, 3], [5, 4]]	Z=0, W=2

238, f=1:2,  2:6,  3:1,  4:3,  5:5,  6:4,  
[[2, 6], [2, 1], [2, 5], [2, 4], [6, 1], [6, 5], [6, 4], [1, 3], [3, 5], [3, 4]]	Z=0, W=2

239, f=1:2,  2:6,  3:1,  4:3,  5:4,  6:5,  
[[2, 6], [2, 1], [2, 4], [2, 5], [6, 1], [6, 4], [6, 5], [1, 3], [3, 4], [3, 5]]	Z=0, W=2

240, f=1:3,  2:2,  3:1,  4:4,  5:5,  6:6,  
[[3, 2], [3, 1], [3, 5], [3, 6], [2, 1], [2, 5], [2, 6], [1, 4], [4, 5], [4, 6]]	Z=0, W=2

241, f=1:3,  2:2,  3:1,  4:4,  5:6,  6:5,  
[[3, 2], [3, 1], [3, 6], [3, 5], [2, 1], [2, 6], [2, 5], [1, 4], [4, 6], [4, 5]]	Z=0, W=2

242, f=1:3,  2:2,  3:1,  4:5,  5:4,  6:6,  
[[3, 2], [3, 1], [3, 4], [3, 6], [2, 1], [2, 4], [2, 6], [1, 5], [5, 4], [5, 6]]	Z=0, W=2

243, f=1:3,  2:2,  3:1,  4:5,  5:6,  6:4,  
[[3, 2], [3, 1], [3, 6], [3, 4], [2, 1], [2, 6], [2, 4], [1, 5], [5, 6], [5, 4]]	Z=0, W=2

244, f=1:3,  2:2,  3:1,  4:6,  5:5,  6:4,  
[[3, 2], [3, 1], [3, 5], [3, 4], [2, 1], [2, 5], [2, 4], [1, 6], [6, 5], [6, 4]]	Z=0, W=2

245, f=1:3,  2:2,  3:1,  4:6,  5:4,  6:5,  
[[3, 2], [3, 1], [3, 4], [3, 5], [2, 1], [2, 4], [2, 5], [1, 6], [6, 4], [6, 5]]	Z=0, W=2

246, f=1:3,  2:2,  3:4,  4:1,  5:5,  6:6,  
[[3, 2], [3, 4], [3, 5], [3, 6], [2, 4], [2, 5], [2, 6], [4, 1], [1, 5], [1, 6]]	Z=0, W=2

247, f=1:3,  2:2,  3:4,  4:1,  5:6,  6:5,  
[[3, 2], [3, 4], [3, 6], [3, 5], [2, 4], [2, 6], [2, 5], [4, 1], [1, 6], [1, 5]]	Z=0, W=2

248, f=1:3,  2:2,  3:4,  4:5,  5:1,  6:6,  
[[3, 2], [3, 4], [3, 1], [3, 6], [2, 4], [2, 1], [2, 6], [4, 5], [5, 1], [5, 6]]	Z=0, W=2

249, f=1:3,  2:2,  3:4,  4:5,  5:6,  6:1,  
[[3, 2], [3, 4], [3, 6], [3, 1], [2, 4], [2, 6], [2, 1], [4, 5], [5, 6], [5, 1]]	Z=0, W=2

250, f=1:3,  2:2,  3:4,  4:6,  5:5,  6:1,  
[[3, 2], [3, 4], [3, 5], [3, 1], [2, 4], [2, 5], [2, 1], [4, 6], [6, 5], [6, 1]]	Z=0, W=2

251, f=1:3,  2:2,  3:4,  4:6,  5:1,  6:5,  
[[3, 2], [3, 4], [3, 1], [3, 5], [2, 4], [2, 1], [2, 5], [4, 6], [6, 1], [6, 5]]	Z=0, W=2

252, f=1:3,  2:2,  3:5,  4:4,  5:1,  6:6,  
[[3, 2], [3, 5], [3, 1], [3, 6], [2, 5], [2, 1], [2, 6], [5, 4], [4, 1], [4, 6]]	Z=0, W=2

253, f=1:3,  2:2,  3:5,  4:4,  5:6,  6:1,  
[[3, 2], [3, 5], [3, 6], [3, 1], [2, 5], [2, 6], [2, 1], [5, 4], [4, 6], [4, 1]]	Z=0, W=2

254, f=1:3,  2:2,  3:5,  4:1,  5:4,  6:6,  
[[3, 2], [3, 5], [3, 4], [3, 6], [2, 5], [2, 4], [2, 6], [5, 1], [1, 4], [1, 6]]	Z=0, W=2

255, f=1:3,  2:2,  3:5,  4:1,  5:6,  6:4,  
[[3, 2], [3, 5], [3, 6], [3, 4], [2, 5], [2, 6], [2, 4], [5, 1], [1, 6], [1, 4]]	Z=0, W=2

256, f=1:3,  2:2,  3:5,  4:6,  5:1,  6:4,  
[[3, 2], [3, 5], [3, 1], [3, 4], [2, 5], [2, 1], [2, 4], [5, 6], [6, 1], [6, 4]]	Z=0, W=2

257, f=1:3,  2:2,  3:5,  4:6,  5:4,  6:1,  
[[3, 2], [3, 5], [3, 4], [3, 1], [2, 5], [2, 4], [2, 1], [5, 6], [6, 4], [6, 1]]	Z=0, W=2

258, f=1:3,  2:2,  3:6,  4:4,  5:5,  6:1,  
[[3, 2], [3, 6], [3, 5], [3, 1], [2, 6], [2, 5], [2, 1], [6, 4], [4, 5], [4, 1]]	Z=0, W=2

259, f=1:3,  2:2,  3:6,  4:4,  5:1,  6:5,  
[[3, 2], [3, 6], [3, 1], [3, 5], [2, 6], [2, 1], [2, 5], [6, 4], [4, 1], [4, 5]]	Z=0, W=2

260, f=1:3,  2:2,  3:6,  4:5,  5:4,  6:1,  
[[3, 2], [3, 6], [3, 4], [3, 1], [2, 6], [2, 4], [2, 1], [6, 5], [5, 4], [5, 1]]	Z=0, W=2

261, f=1:3,  2:2,  3:6,  4:5,  5:1,  6:4,  
[[3, 2], [3, 6], [3, 1], [3, 4], [2, 6], [2, 1], [2, 4], [6, 5], [5, 1], [5, 4]]	Z=0, W=2

262, f=1:3,  2:2,  3:6,  4:1,  5:5,  6:4,  
[[3, 2], [3, 6], [3, 5], [3, 4], [2, 6], [2, 5], [2, 4], [6, 1], [1, 5], [1, 4]]	Z=0, W=2

263, f=1:3,  2:2,  3:6,  4:1,  5:4,  6:5,  
[[3, 2], [3, 6], [3, 4], [3, 5], [2, 6], [2, 4], [2, 5], [6, 1], [1, 4], [1, 5]]	Z=0, W=2

264, f=1:3,  2:1,  3:2,  4:4,  5:5,  6:6,  
[[3, 1], [3, 2], [3, 5], [3, 6], [1, 2], [1, 5], [1, 6], [2, 4], [4, 5], [4, 6]]	Z=0, W=2

265, f=1:3,  2:1,  3:2,  4:4,  5:6,  6:5,  
[[3, 1], [3, 2], [3, 6], [3, 5], [1, 2], [1, 6], [1, 5], [2, 4], [4, 6], [4, 5]]	Z=0, W=2

266, f=1:3,  2:1,  3:2,  4:5,  5:4,  6:6,  
[[3, 1], [3, 2], [3, 4], [3, 6], [1, 2], [1, 4], [1, 6], [2, 5], [5, 4], [5, 6]]	Z=0, W=2

267, f=1:3,  2:1,  3:2,  4:5,  5:6,  6:4,  
[[3, 1], [3, 2], [3, 6], [3, 4], [1, 2], [1, 6], [1, 4], [2, 5], [5, 6], [5, 4]]	Z=0, W=2

268, f=1:3,  2:1,  3:2,  4:6,  5:5,  6:4,  
[[3, 1], [3, 2], [3, 5], [3, 4], [1, 2], [1, 5], [1, 4], [2, 6], [6, 5], [6, 4]]	Z=0, W=2

269, f=1:3,  2:1,  3:2,  4:6,  5:4,  6:5,  
[[3, 1], [3, 2], [3, 4], [3, 5], [1, 2], [1, 4], [1, 5], [2, 6], [6, 4], [6, 5]]	Z=0, W=2

270, f=1:3,  2:1,  3:4,  4:2,  5:5,  6:6,  
[[3, 1], [3, 4], [3, 5], [3, 6], [1, 4], [1, 5], [1, 6], [4, 2], [2, 5], [2, 6]]	Z=0, W=2

271, f=1:3,  2:1,  3:4,  4:2,  5:6,  6:5,  
[[3, 1], [3, 4], [3, 6], [3, 5], [1, 4], [1, 6], [1, 5], [4, 2], [2, 6], [2, 5]]	Z=0, W=2

272, f=1:3,  2:1,  3:4,  4:5,  5:2,  6:6,  
[[3, 1], [3, 4], [3, 2], [3, 6], [1, 4], [1, 2], [1, 6], [4, 5], [5, 2], [5, 6]]	Z=0, W=2

273, f=1:3,  2:1,  3:4,  4:5,  5:6,  6:2,  
[[3, 1], [3, 4], [3, 6], [3, 2], [1, 4], [1, 6], [1, 2], [4, 5], [5, 6], [5, 2]]	Z=0, W=2

274, f=1:3,  2:1,  3:4,  4:6,  5:5,  6:2,  
[[3, 1], [3, 4], [3, 5], [3, 2], [1, 4], [1, 5], [1, 2], [4, 6], [6, 5], [6, 2]]	Z=0, W=2

275, f=1:3,  2:1,  3:4,  4:6,  5:2,  6:5,  
[[3, 1], [3, 4], [3, 2], [3, 5], [1, 4], [1, 2], [1, 5], [4, 6], [6, 2], [6, 5]]	Z=0, W=2

276, f=1:3,  2:1,  3:5,  4:4,  5:2,  6:6,  
[[3, 1], [3, 5], [3, 2], [3, 6], [1, 5], [1, 2], [1, 6], [5, 4], [4, 2], [4, 6]]	Z=0, W=2

277, f=1:3,  2:1,  3:5,  4:4,  5:6,  6:2,  
[[3, 1], [3, 5], [3, 6], [3, 2], [1, 5], [1, 6], [1, 2], [5, 4], [4, 6], [4, 2]]	Z=0, W=2

278, f=1:3,  2:1,  3:5,  4:2,  5:4,  6:6,  
[[3, 1], [3, 5], [3, 4], [3, 6], [1, 5], [1, 4], [1, 6], [5, 2], [2, 4], [2, 6]]	Z=0, W=2

279, f=1:3,  2:1,  3:5,  4:2,  5:6,  6:4,  
[[3, 1], [3, 5], [3, 6], [3, 4], [1, 5], [1, 6], [1, 4], [5, 2], [2, 6], [2, 4]]	Z=0, W=2

280, f=1:3,  2:1,  3:5,  4:6,  5:2,  6:4,  
[[3, 1], [3, 5], [3, 2], [3, 4], [1, 5], [1, 2], [1, 4], [5, 6], [6, 2], [6, 4]]	Z=0, W=2

281, f=1:3,  2:1,  3:5,  4:6,  5:4,  6:2,  
[[3, 1], [3, 5], [3, 4], [3, 2], [1, 5], [1, 4], [1, 2], [5, 6], [6, 4], [6, 2]]	Z=0, W=2

282, f=1:3,  2:1,  3:6,  4:4,  5:5,  6:2,  
[[3, 1], [3, 6], [3, 5], [3, 2], [1, 6], [1, 5], [1, 2], [6, 4], [4, 5], [4, 2]]	Z=0, W=2

283, f=1:3,  2:1,  3:6,  4:4,  5:2,  6:5,  
[[3, 1], [3, 6], [3, 2], [3, 5], [1, 6], [1, 2], [1, 5], [6, 4], [4, 2], [4, 5]]	Z=0, W=2

284, f=1:3,  2:1,  3:6,  4:5,  5:4,  6:2,  
[[3, 1], [3, 6], [3, 4], [3, 2], [1, 6], [1, 4], [1, 2], [6, 5], [5, 4], [5, 2]]	Z=0, W=2

285, f=1:3,  2:1,  3:6,  4:5,  5:2,  6:4,  
[[3, 1], [3, 6], [3, 2], [3, 4], [1, 6], [1, 2], [1, 4], [6, 5], [5, 2], [5, 4]]	Z=0, W=2

286, f=1:3,  2:1,  3:6,  4:2,  5:5,  6:4,  
[[3, 1], [3, 6], [3, 5], [3, 4], [1, 6], [1, 5], [1, 4], [6, 2], [2, 5], [2, 4]]	Z=0, W=2

287, f=1:3,  2:1,  3:6,  4:2,  5:4,  6:5,  
[[3, 1], [3, 6], [3, 4], [3, 5], [1, 6], [1, 4], [1, 5], [6, 2], [2, 4], [2, 5]]	Z=0, W=2

288, f=1:3,  2:4,  3:1,  4:2,  5:5,  6:6,  
[[3, 4], [3, 1], [3, 5], [3, 6], [4, 1], [4, 5], [4, 6], [1, 2], [2, 5], [2, 6]]	Z=-94.20900290503347, W=96.50499430094122

289, f=1:3,  2:4,  3:1,  4:2,  5:6,  6:5,  
[[3, 4], [3, 1], [3, 6], [3, 5], [4, 1], [4, 6], [4, 5], [1, 2], [2, 6], [2, 5]]	Z=0, W=2

290, f=1:3,  2:4,  3:1,  4:5,  5:2,  6:6,  
[[3, 4], [3, 1], [3, 2], [3, 6], [4, 1], [4, 2], [4, 6], [1, 5], [5, 2], [5, 6]]	Z=-277306.50654364337, W=277308.14826882706

291, f=1:3,  2:4,  3:1,  4:5,  5:6,  6:2,  
[[3, 4], [3, 1], [3, 6], [3, 2], [4, 1], [4, 6], [4, 2], [1, 5], [5, 6], [5, 2]]	Z=0, W=2

292, f=1:3,  2:4,  3:1,  4:6,  5:5,  6:2,  
[[3, 4], [3, 1], [3, 5], [3, 2], [4, 1], [4, 5], [4, 2], [1, 6], [6, 5], [6, 2]]	Z=1118529.8566894513, W=1118533.5298887899

293, f=1:3,  2:4,  3:1,  4:6,  5:2,  6:5,  
[[3, 4], [3, 1], [3, 2], [3, 5], [4, 1], [4, 2], [4, 5], [1, 6], [6, 2], [6, 5]]	Z=0, W=2

294, f=1:3,  2:4,  3:2,  4:1,  5:5,  6:6,  
[[3, 4], [3, 2], [3, 5], [3, 6], [4, 2], [4, 5], [4, 6], [2, 1], [1, 5], [1, 6]]	Z=-498.2033592331927, W=500.5805263416533

295, f=1:3,  2:4,  3:2,  4:1,  5:6,  6:5,  
[[3, 4], [3, 2], [3, 6], [3, 5], [4, 2], [4, 6], [4, 5], [2, 1], [1, 6], [1, 5]]	Z=0, W=2

296, f=1:3,  2:4,  3:2,  4:5,  5:1,  6:6,  
[[3, 4], [3, 2], [3, 1], [3, 6], [4, 2], [4, 1], [4, 6], [2, 5], [5, 1], [5, 6]]	Z=0, W=2

297, f=1:3,  2:4,  3:2,  4:5,  5:6,  6:1,  
[[3, 4], [3, 2], [3, 6], [3, 1], [4, 2], [4, 6], [4, 1], [2, 5], [5, 6], [5, 1]]	Z=0, W=2

298, f=1:3,  2:4,  3:2,  4:6,  5:5,  6:1,  
[[3, 4], [3, 2], [3, 5], [3, 1], [4, 2], [4, 5], [4, 1], [2, 6], [6, 5], [6, 1]]	Z=0, W=2

299, f=1:3,  2:4,  3:2,  4:6,  5:1,  6:5,  
[[3, 4], [3, 2], [3, 1], [3, 5], [4, 2], [4, 1], [4, 5], [2, 6], [6, 1], [6, 5]]	Z=0, W=2

300, f=1:3,  2:4,  3:5,  4:2,  5:1,  6:6,  
[[3, 4], [3, 5], [3, 1], [3, 6], [4, 5], [4, 1], [4, 6], [5, 2], [2, 1], [2, 6]]	Z=0, W=2

301, f=1:3,  2:4,  3:5,  4:2,  5:6,  6:1,  
[[3, 4], [3, 5], [3, 6], [3, 1], [4, 5], [4, 6], [4, 1], [5, 2], [2, 6], [2, 1]]	Z=0, W=2

302, f=1:3,  2:4,  3:5,  4:1,  5:2,  6:6,  
[[3, 4], [3, 5], [3, 2], [3, 6], [4, 5], [4, 2], [4, 6], [5, 1], [1, 2], [1, 6]]	Z=0, W=2

303, f=1:3,  2:4,  3:5,  4:1,  5:6,  6:2,  
[[3, 4], [3, 5], [3, 6], [3, 2], [4, 5], [4, 6], [4, 2], [5, 1], [1, 6], [1, 2]]	Z=0, W=2

304, f=1:3,  2:4,  3:5,  4:6,  5:1,  6:2,  
[[3, 4], [3, 5], [3, 1], [3, 2], [4, 5], [4, 1], [4, 2], [5, 6], [6, 1], [6, 2]]	Z=0, W=2

305, f=1:3,  2:4,  3:5,  4:6,  5:2,  6:1,  
[[3, 4], [3, 5], [3, 2], [3, 1], [4, 5], [4, 2], [4, 1], [5, 6], [6, 2], [6, 1]]	Z=0, W=2

306, f=1:3,  2:4,  3:6,  4:2,  5:5,  6:1,  
[[3, 4], [3, 6], [3, 5], [3, 1], [4, 6], [4, 5], [4, 1], [6, 2], [2, 5], [2, 1]]	Z=0, W=2

307, f=1:3,  2:4,  3:6,  4:2,  5:1,  6:5,  
[[3, 4], [3, 6], [3, 1], [3, 5], [4, 6], [4, 1], [4, 5], [6, 2], [2, 1], [2, 5]]	Z=0, W=2

308, f=1:3,  2:4,  3:6,  4:5,  5:2,  6:1,  
[[3, 4], [3, 6], [3, 2], [3, 1], [4, 6], [4, 2], [4, 1], [6, 5], [5, 2], [5, 1]]	Z=0, W=2

309, f=1:3,  2:4,  3:6,  4:5,  5:1,  6:2,  
[[3, 4], [3, 6], [3, 1], [3, 2], [4, 6], [4, 1], [4, 2], [6, 5], [5, 1], [5, 2]]	Z=0, W=2

310, f=1:3,  2:4,  3:6,  4:1,  5:5,  6:2,  
[[3, 4], [3, 6], [3, 5], [3, 2], [4, 6], [4, 5], [4, 2], [6, 1], [1, 5], [1, 2]]	Z=0, W=2

311, f=1:3,  2:4,  3:6,  4:1,  5:2,  6:5,  
[[3, 4], [3, 6], [3, 2], [3, 5], [4, 6], [4, 2], [4, 5], [6, 1], [1, 2], [1, 5]]	Z=0, W=2

312, f=1:3,  2:5,  3:1,  4:4,  5:2,  6:6,  
[[3, 5], [3, 1], [3, 2], [3, 6], [5, 1], [5, 2], [5, 6], [1, 4], [4, 2], [4, 6]]	Z=142875.98064419327, W=142879.63434873612

313, f=1:3,  2:5,  3:1,  4:4,  5:6,  6:2,  
[[3, 5], [3, 1], [3, 6], [3, 2], [5, 1], [5, 6], [5, 2], [1, 4], [4, 6], [4, 2]]	Z=0, W=2

314, f=1:3,  2:5,  3:1,  4:2,  5:4,  6:6,  
[[3, 5], [3, 1], [3, 4], [3, 6], [5, 1], [5, 4], [5, 6], [1, 2], [2, 4], [2, 6]]	Z=2303230.2657230557, W=2303235.644953532

315, f=1:3,  2:5,  3:1,  4:2,  5:6,  6:4,  
[[3, 5], [3, 1], [3, 6], [3, 4], [5, 1], [5, 6], [5, 4], [1, 2], [2, 6], [2, 4]]	Z=0, W=2

316, f=1:3,  2:5,  3:1,  4:6,  5:2,  6:4,  
[[3, 5], [3, 1], [3, 2], [3, 4], [5, 1], [5, 2], [5, 4], [1, 6], [6, 2], [6, 4]]	Z=339.4301501707893, W=342.4203462492207

317, f=1:3,  2:5,  3:1,  4:6,  5:4,  6:2,  
[[3, 5], [3, 1], [3, 4], [3, 2], [5, 1], [5, 4], [5, 2], [1, 6], [6, 4], [6, 2]]	Z=0, W=2

318, f=1:3,  2:5,  3:4,  4:1,  5:2,  6:6,  
[[3, 5], [3, 4], [3, 2], [3, 6], [5, 4], [5, 2], [5, 6], [4, 1], [1, 2], [1, 6]]	Z=-5756710.528139944, W=5756713.957958836

319, f=1:3,  2:5,  3:4,  4:1,  5:6,  6:2,  
[[3, 5], [3, 4], [3, 6], [3, 2], [5, 4], [5, 6], [5, 2], [4, 1], [1, 6], [1, 2]]	Z=0, W=2

320, f=1:3,  2:5,  3:4,  4:2,  5:1,  6:6,  
[[3, 5], [3, 4], [3, 1], [3, 6], [5, 4], [5, 1], [5, 6], [4, 2], [2, 1], [2, 6]]	Z=0, W=2

321, f=1:3,  2:5,  3:4,  4:2,  5:6,  6:1,  
[[3, 5], [3, 4], [3, 6], [3, 1], [5, 4], [5, 6], [5, 1], [4, 2], [2, 6], [2, 1]]	Z=0, W=2

322, f=1:3,  2:5,  3:4,  4:6,  5:2,  6:1,  
[[3, 5], [3, 4], [3, 2], [3, 1], [5, 4], [5, 2], [5, 1], [4, 6], [6, 2], [6, 1]]	Z=0, W=2

323, f=1:3,  2:5,  3:4,  4:6,  5:1,  6:2,  
[[3, 5], [3, 4], [3, 1], [3, 2], [5, 4], [5, 1], [5, 2], [4, 6], [6, 1], [6, 2]]	Z=0, W=2

324, f=1:3,  2:5,  3:2,  4:4,  5:1,  6:6,  
[[3, 5], [3, 2], [3, 1], [3, 6], [5, 2], [5, 1], [5, 6], [2, 4], [4, 1], [4, 6]]	Z=0, W=2

325, f=1:3,  2:5,  3:2,  4:4,  5:6,  6:1,  
[[3, 5], [3, 2], [3, 6], [3, 1], [5, 2], [5, 6], [5, 1], [2, 4], [4, 6], [4, 1]]	Z=0, W=2

326, f=1:3,  2:5,  3:2,  4:1,  5:4,  6:6,  
[[3, 5], [3, 2], [3, 4], [3, 6], [5, 2], [5, 4], [5, 6], [2, 1], [1, 4], [1, 6]]	Z=0, W=2

327, f=1:3,  2:5,  3:2,  4:1,  5:6,  6:4,  
[[3, 5], [3, 2], [3, 6], [3, 4], [5, 2], [5, 6], [5, 4], [2, 1], [1, 6], [1, 4]]	Z=0, W=2

328, f=1:3,  2:5,  3:2,  4:6,  5:1,  6:4,  
[[3, 5], [3, 2], [3, 1], [3, 4], [5, 2], [5, 1], [5, 4], [2, 6], [6, 1], [6, 4]]	Z=0, W=2

329, f=1:3,  2:5,  3:2,  4:6,  5:4,  6:1,  
[[3, 5], [3, 2], [3, 4], [3, 1], [5, 2], [5, 4], [5, 1], [2, 6], [6, 4], [6, 1]]	Z=0, W=2

330, f=1:3,  2:5,  3:6,  4:4,  5:2,  6:1,  
[[3, 5], [3, 6], [3, 2], [3, 1], [5, 6], [5, 2], [5, 1], [6, 4], [4, 2], [4, 1]]	Z=0, W=2

331, f=1:3,  2:5,  3:6,  4:4,  5:1,  6:2,  
[[3, 5], [3, 6], [3, 1], [3, 2], [5, 6], [5, 1], [5, 2], [6, 4], [4, 1], [4, 2]]	Z=0, W=2

332, f=1:3,  2:5,  3:6,  4:2,  5:4,  6:1,  
[[3, 5], [3, 6], [3, 4], [3, 1], [5, 6], [5, 4], [5, 1], [6, 2], [2, 4], [2, 1]]	Z=0, W=2

333, f=1:3,  2:5,  3:6,  4:2,  5:1,  6:4,  
[[3, 5], [3, 6], [3, 1], [3, 4], [5, 6], [5, 1], [5, 4], [6, 2], [2, 1], [2, 4]]	Z=0, W=2

334, f=1:3,  2:5,  3:6,  4:1,  5:2,  6:4,  
[[3, 5], [3, 6], [3, 2], [3, 4], [5, 6], [5, 2], [5, 4], [6, 1], [1, 2], [1, 4]]	Z=0, W=2

335, f=1:3,  2:5,  3:6,  4:1,  5:4,  6:2,  
[[3, 5], [3, 6], [3, 4], [3, 2], [5, 6], [5, 4], [5, 2], [6, 1], [1, 4], [1, 2]]	Z=0, W=2

336, f=1:3,  2:6,  3:1,  4:4,  5:5,  6:2,  
[[3, 6], [3, 1], [3, 5], [3, 2], [6, 1], [6, 5], [6, 2], [1, 4], [4, 5], [4, 2]]	Z=1187178.8060586401, W=1187182.503423764

337, f=1:3,  2:6,  3:1,  4:4,  5:2,  6:5,  
[[3, 6], [3, 1], [3, 2], [3, 5], [6, 1], [6, 2], [6, 5], [1, 4], [4, 2], [4, 5]]	Z=0, W=2

338, f=1:3,  2:6,  3:1,  4:5,  5:4,  6:2,  
[[3, 6], [3, 1], [3, 4], [3, 2], [6, 1], [6, 4], [6, 2], [1, 5], [5, 4], [5, 2]]	Z=695.8331489490394, W=698.8331489490394

339, f=1:3,  2:6,  3:1,  4:5,  5:2,  6:4,  
[[3, 6], [3, 1], [3, 2], [3, 4], [6, 1], [6, 2], [6, 4], [1, 5], [5, 2], [5, 4]]	Z=0, W=2

340, f=1:3,  2:6,  3:1,  4:2,  5:5,  6:4,  
[[3, 6], [3, 1], [3, 5], [3, 4], [6, 1], [6, 5], [6, 4], [1, 2], [2, 5], [2, 4]]	Z=2321361.1973837046, W=2321366.6148269414

341, f=1:3,  2:6,  3:1,  4:2,  5:4,  6:5,  
[[3, 6], [3, 1], [3, 4], [3, 5], [6, 1], [6, 4], [6, 5], [1, 2], [2, 4], [2, 5]]	Z=0, W=2

342, f=1:3,  2:6,  3:4,  4:1,  5:5,  6:2,  
[[3, 6], [3, 4], [3, 5], [3, 2], [6, 4], [6, 5], [6, 2], [4, 1], [1, 5], [1, 2]]	Z=-3479701.9207218164, W=3479705.338898309

343, f=1:3,  2:6,  3:4,  4:1,  5:2,  6:5,  
[[3, 6], [3, 4], [3, 2], [3, 5], [6, 4], [6, 2], [6, 5], [4, 1], [1, 2], [1, 5]]	Z=0, W=2

344, f=1:3,  2:6,  3:4,  4:5,  5:1,  6:2,  
[[3, 6], [3, 4], [3, 1], [3, 2], [6, 4], [6, 1], [6, 2], [4, 5], [5, 1], [5, 2]]	Z=0, W=2

345, f=1:3,  2:6,  3:4,  4:5,  5:2,  6:1,  
[[3, 6], [3, 4], [3, 2], [3, 1], [6, 4], [6, 2], [6, 1], [4, 5], [5, 2], [5, 1]]	Z=0, W=2

346, f=1:3,  2:6,  3:4,  4:2,  5:5,  6:1,  
[[3, 6], [3, 4], [3, 5], [3, 1], [6, 4], [6, 5], [6, 1], [4, 2], [2, 5], [2, 1]]	Z=0, W=2

347, f=1:3,  2:6,  3:4,  4:2,  5:1,  6:5,  
[[3, 6], [3, 4], [3, 1], [3, 5], [6, 4], [6, 1], [6, 5], [4, 2], [2, 1], [2, 5]]	Z=0, W=2

348, f=1:3,  2:6,  3:5,  4:4,  5:1,  6:2,  
[[3, 6], [3, 5], [3, 1], [3, 2], [6, 5], [6, 1], [6, 2], [5, 4], [4, 1], [4, 2]]	Z=0, W=2

349, f=1:3,  2:6,  3:5,  4:4,  5:2,  6:1,  
[[3, 6], [3, 5], [3, 2], [3, 1], [6, 5], [6, 2], [6, 1], [5, 4], [4, 2], [4, 1]]	Z=0, W=2

350, f=1:3,  2:6,  3:5,  4:1,  5:4,  6:2,  
[[3, 6], [3, 5], [3, 4], [3, 2], [6, 5], [6, 4], [6, 2], [5, 1], [1, 4], [1, 2]]	Z=0, W=2

351, f=1:3,  2:6,  3:5,  4:1,  5:2,  6:4,  
[[3, 6], [3, 5], [3, 2], [3, 4], [6, 5], [6, 2], [6, 4], [5, 1], [1, 2], [1, 4]]	Z=0, W=2

352, f=1:3,  2:6,  3:5,  4:2,  5:1,  6:4,  
[[3, 6], [3, 5], [3, 1], [3, 4], [6, 5], [6, 1], [6, 4], [5, 2], [2, 1], [2, 4]]	Z=0, W=2

353, f=1:3,  2:6,  3:5,  4:2,  5:4,  6:1,  
[[3, 6], [3, 5], [3, 4], [3, 1], [6, 5], [6, 4], [6, 1], [5, 2], [2, 4], [2, 1]]	Z=0, W=2

354, f=1:3,  2:6,  3:2,  4:4,  5:5,  6:1,  
[[3, 6], [3, 2], [3, 5], [3, 1], [6, 2], [6, 5], [6, 1], [2, 4], [4, 5], [4, 1]]	Z=0, W=2

355, f=1:3,  2:6,  3:2,  4:4,  5:1,  6:5,  
[[3, 6], [3, 2], [3, 1], [3, 5], [6, 2], [6, 1], [6, 5], [2, 4], [4, 1], [4, 5]]	Z=0, W=2

356, f=1:3,  2:6,  3:2,  4:5,  5:4,  6:1,  
[[3, 6], [3, 2], [3, 4], [3, 1], [6, 2], [6, 4], [6, 1], [2, 5], [5, 4], [5, 1]]	Z=0, W=2

357, f=1:3,  2:6,  3:2,  4:5,  5:1,  6:4,  
[[3, 6], [3, 2], [3, 1], [3, 4], [6, 2], [6, 1], [6, 4], [2, 5], [5, 1], [5, 4]]	Z=0, W=2

358, f=1:3,  2:6,  3:2,  4:1,  5:5,  6:4,  
[[3, 6], [3, 2], [3, 5], [3, 4], [6, 2], [6, 5], [6, 4], [2, 1], [1, 5], [1, 4]]	Z=0, W=2

359, f=1:3,  2:6,  3:2,  4:1,  5:4,  6:5,  
[[3, 6], [3, 2], [3, 4], [3, 5], [6, 2], [6, 4], [6, 5], [2, 1], [1, 4], [1, 5]]	Z=0, W=2

360, f=1:4,  2:2,  3:3,  4:1,  5:5,  6:6,  
[[4, 2], [4, 3], [4, 5], [4, 6], [2, 3], [2, 5], [2, 6], [3, 1], [1, 5], [1, 6]]	Z=0, W=2

361, f=1:4,  2:2,  3:3,  4:1,  5:6,  6:5,  
[[4, 2], [4, 3], [4, 6], [4, 5], [2, 3], [2, 6], [2, 5], [3, 1], [1, 6], [1, 5]]	Z=0, W=2

362, f=1:4,  2:2,  3:3,  4:5,  5:1,  6:6,  
[[4, 2], [4, 3], [4, 1], [4, 6], [2, 3], [2, 1], [2, 6], [3, 5], [5, 1], [5, 6]]	Z=0, W=2

363, f=1:4,  2:2,  3:3,  4:5,  5:6,  6:1,  
[[4, 2], [4, 3], [4, 6], [4, 1], [2, 3], [2, 6], [2, 1], [3, 5], [5, 6], [5, 1]]	Z=0, W=2

364, f=1:4,  2:2,  3:3,  4:6,  5:5,  6:1,  
[[4, 2], [4, 3], [4, 5], [4, 1], [2, 3], [2, 5], [2, 1], [3, 6], [6, 5], [6, 1]]	Z=0, W=2

365, f=1:4,  2:2,  3:3,  4:6,  5:1,  6:5,  
[[4, 2], [4, 3], [4, 1], [4, 5], [2, 3], [2, 1], [2, 5], [3, 6], [6, 1], [6, 5]]	Z=0, W=2

366, f=1:4,  2:2,  3:1,  4:3,  5:5,  6:6,  
[[4, 2], [4, 1], [4, 5], [4, 6], [2, 1], [2, 5], [2, 6], [1, 3], [3, 5], [3, 6]]	Z=0, W=2

367, f=1:4,  2:2,  3:1,  4:3,  5:6,  6:5,  
[[4, 2], [4, 1], [4, 6], [4, 5], [2, 1], [2, 6], [2, 5], [1, 3], [3, 6], [3, 5]]	Z=0, W=2

368, f=1:4,  2:2,  3:1,  4:5,  5:3,  6:6,  
[[4, 2], [4, 1], [4, 3], [4, 6], [2, 1], [2, 3], [2, 6], [1, 5], [5, 3], [5, 6]]	Z=0, W=2

369, f=1:4,  2:2,  3:1,  4:5,  5:6,  6:3,  
[[4, 2], [4, 1], [4, 6], [4, 3], [2, 1], [2, 6], [2, 3], [1, 5], [5, 6], [5, 3]]	Z=0, W=2

370, f=1:4,  2:2,  3:1,  4:6,  5:5,  6:3,  
[[4, 2], [4, 1], [4, 5], [4, 3], [2, 1], [2, 5], [2, 3], [1, 6], [6, 5], [6, 3]]	Z=0, W=2

371, f=1:4,  2:2,  3:1,  4:6,  5:3,  6:5,  
[[4, 2], [4, 1], [4, 3], [4, 5], [2, 1], [2, 3], [2, 5], [1, 6], [6, 3], [6, 5]]	Z=0, W=2

372, f=1:4,  2:2,  3:5,  4:1,  5:3,  6:6,  
[[4, 2], [4, 5], [4, 3], [4, 6], [2, 5], [2, 3], [2, 6], [5, 1], [1, 3], [1, 6]]	Z=0, W=2

373, f=1:4,  2:2,  3:5,  4:1,  5:6,  6:3,  
[[4, 2], [4, 5], [4, 6], [4, 3], [2, 5], [2, 6], [2, 3], [5, 1], [1, 6], [1, 3]]	Z=0, W=2

374, f=1:4,  2:2,  3:5,  4:3,  5:1,  6:6,  
[[4, 2], [4, 5], [4, 1], [4, 6], [2, 5], [2, 1], [2, 6], [5, 3], [3, 1], [3, 6]]	Z=0, W=2

375, f=1:4,  2:2,  3:5,  4:3,  5:6,  6:1,  
[[4, 2], [4, 5], [4, 6], [4, 1], [2, 5], [2, 6], [2, 1], [5, 3], [3, 6], [3, 1]]	Z=0, W=2

376, f=1:4,  2:2,  3:5,  4:6,  5:3,  6:1,  
[[4, 2], [4, 5], [4, 3], [4, 1], [2, 5], [2, 3], [2, 1], [5, 6], [6, 3], [6, 1]]	Z=0, W=2

377, f=1:4,  2:2,  3:5,  4:6,  5:1,  6:3,  
[[4, 2], [4, 5], [4, 1], [4, 3], [2, 5], [2, 1], [2, 3], [5, 6], [6, 1], [6, 3]]	Z=0, W=2

378, f=1:4,  2:2,  3:6,  4:1,  5:5,  6:3,  
[[4, 2], [4, 6], [4, 5], [4, 3], [2, 6], [2, 5], [2, 3], [6, 1], [1, 5], [1, 3]]	Z=0, W=2

379, f=1:4,  2:2,  3:6,  4:1,  5:3,  6:5,  
[[4, 2], [4, 6], [4, 3], [4, 5], [2, 6], [2, 3], [2, 5], [6, 1], [1, 3], [1, 5]]	Z=0, W=2

380, f=1:4,  2:2,  3:6,  4:5,  5:1,  6:3,  
[[4, 2], [4, 6], [4, 1], [4, 3], [2, 6], [2, 1], [2, 3], [6, 5], [5, 1], [5, 3]]	Z=0, W=2

381, f=1:4,  2:2,  3:6,  4:5,  5:3,  6:1,  
[[4, 2], [4, 6], [4, 3], [4, 1], [2, 6], [2, 3], [2, 1], [6, 5], [5, 3], [5, 1]]	Z=0, W=2

382, f=1:4,  2:2,  3:6,  4:3,  5:5,  6:1,  
[[4, 2], [4, 6], [4, 5], [4, 1], [2, 6], [2, 5], [2, 1], [6, 3], [3, 5], [3, 1]]	Z=0, W=2

383, f=1:4,  2:2,  3:6,  4:3,  5:1,  6:5,  
[[4, 2], [4, 6], [4, 1], [4, 5], [2, 6], [2, 1], [2, 5], [6, 3], [3, 1], [3, 5]]	Z=0, W=2

384, f=1:4,  2:3,  3:2,  4:1,  5:5,  6:6,  
[[4, 3], [4, 2], [4, 5], [4, 6], [3, 2], [3, 5], [3, 6], [2, 1], [1, 5], [1, 6]]	Z=0, W=2

385, f=1:4,  2:3,  3:2,  4:1,  5:6,  6:5,  
[[4, 3], [4, 2], [4, 6], [4, 5], [3, 2], [3, 6], [3, 5], [2, 1], [1, 6], [1, 5]]	Z=0, W=2

386, f=1:4,  2:3,  3:2,  4:5,  5:1,  6:6,  
[[4, 3], [4, 2], [4, 1], [4, 6], [3, 2], [3, 1], [3, 6], [2, 5], [5, 1], [5, 6]]	Z=0, W=2

387, f=1:4,  2:3,  3:2,  4:5,  5:6,  6:1,  
[[4, 3], [4, 2], [4, 6], [4, 1], [3, 2], [3, 6], [3, 1], [2, 5], [5, 6], [5, 1]]	Z=0, W=2

388, f=1:4,  2:3,  3:2,  4:6,  5:5,  6:1,  
[[4, 3], [4, 2], [4, 5], [4, 1], [3, 2], [3, 5], [3, 1], [2, 6], [6, 5], [6, 1]]	Z=0, W=2

389, f=1:4,  2:3,  3:2,  4:6,  5:1,  6:5,  
[[4, 3], [4, 2], [4, 1], [4, 5], [3, 2], [3, 1], [3, 5], [2, 6], [6, 1], [6, 5]]	Z=0, W=2

390, f=1:4,  2:3,  3:1,  4:2,  5:5,  6:6,  
[[4, 3], [4, 1], [4, 5], [4, 6], [3, 1], [3, 5], [3, 6], [1, 2], [2, 5], [2, 6]]	Z=0, W=2

391, f=1:4,  2:3,  3:1,  4:2,  5:6,  6:5,  
[[4, 3], [4, 1], [4, 6], [4, 5], [3, 1], [3, 6], [3, 5], [1, 2], [2, 6], [2, 5]]	Z=0, W=2

392, f=1:4,  2:3,  3:1,  4:5,  5:2,  6:6,  
[[4, 3], [4, 1], [4, 2], [4, 6], [3, 1], [3, 2], [3, 6], [1, 5], [5, 2], [5, 6]]	Z=0, W=2

393, f=1:4,  2:3,  3:1,  4:5,  5:6,  6:2,  
[[4, 3], [4, 1], [4, 6], [4, 2], [3, 1], [3, 6], [3, 2], [1, 5], [5, 6], [5, 2]]	Z=0, W=2

394, f=1:4,  2:3,  3:1,  4:6,  5:5,  6:2,  
[[4, 3], [4, 1], [4, 5], [4, 2], [3, 1], [3, 5], [3, 2], [1, 6], [6, 5], [6, 2]]	Z=0, W=2

395, f=1:4,  2:3,  3:1,  4:6,  5:2,  6:5,  
[[4, 3], [4, 1], [4, 2], [4, 5], [3, 1], [3, 2], [3, 5], [1, 6], [6, 2], [6, 5]]	Z=0, W=2

396, f=1:4,  2:3,  3:5,  4:1,  5:2,  6:6,  
[[4, 3], [4, 5], [4, 2], [4, 6], [3, 5], [3, 2], [3, 6], [5, 1], [1, 2], [1, 6]]	Z=0, W=2

397, f=1:4,  2:3,  3:5,  4:1,  5:6,  6:2,  
[[4, 3], [4, 5], [4, 6], [4, 2], [3, 5], [3, 6], [3, 2], [5, 1], [1, 6], [1, 2]]	Z=0, W=2

398, f=1:4,  2:3,  3:5,  4:2,  5:1,  6:6,  
[[4, 3], [4, 5], [4, 1], [4, 6], [3, 5], [3, 1], [3, 6], [5, 2], [2, 1], [2, 6]]	Z=0, W=2

399, f=1:4,  2:3,  3:5,  4:2,  5:6,  6:1,  
[[4, 3], [4, 5], [4, 6], [4, 1], [3, 5], [3, 6], [3, 1], [5, 2], [2, 6], [2, 1]]	Z=0, W=2

400, f=1:4,  2:3,  3:5,  4:6,  5:2,  6:1,  
[[4, 3], [4, 5], [4, 2], [4, 1], [3, 5], [3, 2], [3, 1], [5, 6], [6, 2], [6, 1]]	Z=0, W=2

401, f=1:4,  2:3,  3:5,  4:6,  5:1,  6:2,  
[[4, 3], [4, 5], [4, 1], [4, 2], [3, 5], [3, 1], [3, 2], [5, 6], [6, 1], [6, 2]]	Z=0, W=2

402, f=1:4,  2:3,  3:6,  4:1,  5:5,  6:2,  
[[4, 3], [4, 6], [4, 5], [4, 2], [3, 6], [3, 5], [3, 2], [6, 1], [1, 5], [1, 2]]	Z=0, W=2

403, f=1:4,  2:3,  3:6,  4:1,  5:2,  6:5,  
[[4, 3], [4, 6], [4, 2], [4, 5], [3, 6], [3, 2], [3, 5], [6, 1], [1, 2], [1, 5]]	Z=0, W=2

404, f=1:4,  2:3,  3:6,  4:5,  5:1,  6:2,  
[[4, 3], [4, 6], [4, 1], [4, 2], [3, 6], [3, 1], [3, 2], [6, 5], [5, 1], [5, 2]]	Z=0, W=2

405, f=1:4,  2:3,  3:6,  4:5,  5:2,  6:1,  
[[4, 3], [4, 6], [4, 2], [4, 1], [3, 6], [3, 2], [3, 1], [6, 5], [5, 2], [5, 1]]	Z=0, W=2

406, f=1:4,  2:3,  3:6,  4:2,  5:5,  6:1,  
[[4, 3], [4, 6], [4, 5], [4, 1], [3, 6], [3, 5], [3, 1], [6, 2], [2, 5], [2, 1]]	Z=0, W=2

407, f=1:4,  2:3,  3:6,  4:2,  5:1,  6:5,  
[[4, 3], [4, 6], [4, 1], [4, 5], [3, 6], [3, 1], [3, 5], [6, 2], [2, 1], [2, 5]]	Z=0, W=2

408, f=1:4,  2:1,  3:3,  4:2,  5:5,  6:6,  
[[4, 1], [4, 3], [4, 5], [4, 6], [1, 3], [1, 5], [1, 6], [3, 2], [2, 5], [2, 6]]	Z=0, W=2

409, f=1:4,  2:1,  3:3,  4:2,  5:6,  6:5,  
[[4, 1], [4, 3], [4, 6], [4, 5], [1, 3], [1, 6], [1, 5], [3, 2], [2, 6], [2, 5]]	Z=0, W=2

410, f=1:4,  2:1,  3:3,  4:5,  5:2,  6:6,  
[[4, 1], [4, 3], [4, 2], [4, 6], [1, 3], [1, 2], [1, 6], [3, 5], [5, 2], [5, 6]]	Z=0, W=2

411, f=1:4,  2:1,  3:3,  4:5,  5:6,  6:2,  
[[4, 1], [4, 3], [4, 6], [4, 2], [1, 3], [1, 6], [1, 2], [3, 5], [5, 6], [5, 2]]	Z=0, W=2

412, f=1:4,  2:1,  3:3,  4:6,  5:5,  6:2,  
[[4, 1], [4, 3], [4, 5], [4, 2], [1, 3], [1, 5], [1, 2], [3, 6], [6, 5], [6, 2]]	Z=0, W=2

413, f=1:4,  2:1,  3:3,  4:6,  5:2,  6:5,  
[[4, 1], [4, 3], [4, 2], [4, 5], [1, 3], [1, 2], [1, 5], [3, 6], [6, 2], [6, 5]]	Z=0, W=2

414, f=1:4,  2:1,  3:2,  4:3,  5:5,  6:6,  
[[4, 1], [4, 2], [4, 5], [4, 6], [1, 2], [1, 5], [1, 6], [2, 3], [3, 5], [3, 6]]	Z=0, W=2

415, f=1:4,  2:1,  3:2,  4:3,  5:6,  6:5,  
[[4, 1], [4, 2], [4, 6], [4, 5], [1, 2], [1, 6], [1, 5], [2, 3], [3, 6], [3, 5]]	Z=0, W=2

416, f=1:4,  2:1,  3:2,  4:5,  5:3,  6:6,  
[[4, 1], [4, 2], [4, 3], [4, 6], [1, 2], [1, 3], [1, 6], [2, 5], [5, 3], [5, 6]]	Z=0, W=2

417, f=1:4,  2:1,  3:2,  4:5,  5:6,  6:3,  
[[4, 1], [4, 2], [4, 6], [4, 3], [1, 2], [1, 6], [1, 3], [2, 5], [5, 6], [5, 3]]	Z=0, W=2

418, f=1:4,  2:1,  3:2,  4:6,  5:5,  6:3,  
[[4, 1], [4, 2], [4, 5], [4, 3], [1, 2], [1, 5], [1, 3], [2, 6], [6, 5], [6, 3]]	Z=0, W=2

419, f=1:4,  2:1,  3:2,  4:6,  5:3,  6:5,  
[[4, 1], [4, 2], [4, 3], [4, 5], [1, 2], [1, 3], [1, 5], [2, 6], [6, 3], [6, 5]]	Z=0, W=2

420, f=1:4,  2:1,  3:5,  4:2,  5:3,  6:6,  
[[4, 1], [4, 5], [4, 3], [4, 6], [1, 5], [1, 3], [1, 6], [5, 2], [2, 3], [2, 6]]	Z=0, W=2

421, f=1:4,  2:1,  3:5,  4:2,  5:6,  6:3,  
[[4, 1], [4, 5], [4, 6], [4, 3], [1, 5], [1, 6], [1, 3], [5, 2], [2, 6], [2, 3]]	Z=0, W=2

422, f=1:4,  2:1,  3:5,  4:3,  5:2,  6:6,  
[[4, 1], [4, 5], [4, 2], [4, 6], [1, 5], [1, 2], [1, 6], [5, 3], [3, 2], [3, 6]]	Z=0, W=2

423, f=1:4,  2:1,  3:5,  4:3,  5:6,  6:2,  
[[4, 1], [4, 5], [4, 6], [4, 2], [1, 5], [1, 6], [1, 2], [5, 3], [3, 6], [3, 2]]	Z=0, W=2

424, f=1:4,  2:1,  3:5,  4:6,  5:3,  6:2,  
[[4, 1], [4, 5], [4, 3], [4, 2], [1, 5], [1, 3], [1, 2], [5, 6], [6, 3], [6, 2]]	Z=0, W=2

425, f=1:4,  2:1,  3:5,  4:6,  5:2,  6:3,  
[[4, 1], [4, 5], [4, 2], [4, 3], [1, 5], [1, 2], [1, 3], [5, 6], [6, 2], [6, 3]]	Z=0, W=2

426, f=1:4,  2:1,  3:6,  4:2,  5:5,  6:3,  
[[4, 1], [4, 6], [4, 5], [4, 3], [1, 6], [1, 5], [1, 3], [6, 2], [2, 5], [2, 3]]	Z=0, W=2

427, f=1:4,  2:1,  3:6,  4:2,  5:3,  6:5,  
[[4, 1], [4, 6], [4, 3], [4, 5], [1, 6], [1, 3], [1, 5], [6, 2], [2, 3], [2, 5]]	Z=0, W=2

428, f=1:4,  2:1,  3:6,  4:5,  5:2,  6:3,  
[[4, 1], [4, 6], [4, 2], [4, 3], [1, 6], [1, 2], [1, 3], [6, 5], [5, 2], [5, 3]]	Z=0, W=2

429, f=1:4,  2:1,  3:6,  4:5,  5:3,  6:2,  
[[4, 1], [4, 6], [4, 3], [4, 2], [1, 6], [1, 3], [1, 2], [6, 5], [5, 3], [5, 2]]	Z=0, W=2

430, f=1:4,  2:1,  3:6,  4:3,  5:5,  6:2,  
[[4, 1], [4, 6], [4, 5], [4, 2], [1, 6], [1, 5], [1, 2], [6, 3], [3, 5], [3, 2]]	Z=0, W=2

431, f=1:4,  2:1,  3:6,  4:3,  5:2,  6:5,  
[[4, 1], [4, 6], [4, 2], [4, 5], [1, 6], [1, 2], [1, 5], [6, 3], [3, 2], [3, 5]]	Z=0, W=2

432, f=1:4,  2:5,  3:3,  4:1,  5:2,  6:6,  
[[4, 5], [4, 3], [4, 2], [4, 6], [5, 3], [5, 2], [5, 6], [3, 1], [1, 2], [1, 6]]	Z=-763123000.3600994, W=763123005.530245

433, f=1:4,  2:5,  3:3,  4:1,  5:6,  6:2,  
[[4, 5], [4, 3], [4, 6], [4, 2], [5, 3], [5, 6], [5, 2], [3, 1], [1, 6], [1, 2]]	Z=0, W=2

434, f=1:4,  2:5,  3:3,  4:2,  5:1,  6:6,  
[[4, 5], [4, 3], [4, 1], [4, 6], [5, 3], [5, 1], [5, 6], [3, 2], [2, 1], [2, 6]]	Z=-1144049471.4111435, W=1144049476.5822594

435, f=1:4,  2:5,  3:3,  4:2,  5:6,  6:1,  
[[4, 5], [4, 3], [4, 6], [4, 1], [5, 3], [5, 6], [5, 1], [3, 2], [2, 6], [2, 1]]	Z=0, W=2

436, f=1:4,  2:5,  3:3,  4:6,  5:2,  6:1,  
[[4, 5], [4, 3], [4, 2], [4, 1], [5, 3], [5, 2], [5, 1], [3, 6], [6, 2], [6, 1]]	Z=-0.02616545879860222, W=2.260619382009337

437, f=1:4,  2:5,  3:3,  4:6,  5:1,  6:2,  
[[4, 5], [4, 3], [4, 1], [4, 2], [5, 3], [5, 1], [5, 2], [3, 6], [6, 1], [6, 2]]	Z=0, W=2

438, f=1:4,  2:5,  3:1,  4:3,  5:2,  6:6,  
[[4, 5], [4, 1], [4, 2], [4, 6], [5, 1], [5, 2], [5, 6], [1, 3], [3, 2], [3, 6]]	Z=1862822.646898483, W=1862827.4985389414

439, f=1:4,  2:5,  3:1,  4:3,  5:6,  6:2,  
[[4, 5], [4, 1], [4, 6], [4, 2], [5, 1], [5, 6], [5, 2], [1, 3], [3, 6], [3, 2]]	Z=0, W=2

440, f=1:4,  2:5,  3:1,  4:2,  5:3,  6:6,  
[[4, 5], [4, 1], [4, 3], [4, 6], [5, 1], [5, 3], [5, 6], [1, 2], [2, 3], [2, 6]]	Z=0, W=2

441, f=1:4,  2:5,  3:1,  4:2,  5:6,  6:3,  
[[4, 5], [4, 1], [4, 6], [4, 3], [5, 1], [5, 6], [5, 3], [1, 2], [2, 6], [2, 3]]	Z=0, W=2

442, f=1:4,  2:5,  3:1,  4:6,  5:2,  6:3,  
[[4, 5], [4, 1], [4, 2], [4, 3], [5, 1], [5, 2], [5, 3], [1, 6], [6, 2], [6, 3]]	Z=0, W=2

443, f=1:4,  2:5,  3:1,  4:6,  5:3,  6:2,  
[[4, 5], [4, 1], [4, 3], [4, 2], [5, 1], [5, 3], [5, 2], [1, 6], [6, 3], [6, 2]]	Z=0, W=2

444, f=1:4,  2:5,  3:2,  4:1,  5:3,  6:6,  
[[4, 5], [4, 2], [4, 3], [4, 6], [5, 2], [5, 3], [5, 6], [2, 1], [1, 3], [1, 6]]	Z=0, W=2

445, f=1:4,  2:5,  3:2,  4:1,  5:6,  6:3,  
[[4, 5], [4, 2], [4, 6], [4, 3], [5, 2], [5, 6], [5, 3], [2, 1], [1, 6], [1, 3]]	Z=0, W=2

446, f=1:4,  2:5,  3:2,  4:3,  5:1,  6:6,  
[[4, 5], [4, 2], [4, 1], [4, 6], [5, 2], [5, 1], [5, 6], [2, 3], [3, 1], [3, 6]]	Z=0, W=2

447, f=1:4,  2:5,  3:2,  4:3,  5:6,  6:1,  
[[4, 5], [4, 2], [4, 6], [4, 1], [5, 2], [5, 6], [5, 1], [2, 3], [3, 6], [3, 1]]	Z=0, W=2

448, f=1:4,  2:5,  3:2,  4:6,  5:3,  6:1,  
[[4, 5], [4, 2], [4, 3], [4, 1], [5, 2], [5, 3], [5, 1], [2, 6], [6, 3], [6, 1]]	Z=0, W=2

449, f=1:4,  2:5,  3:2,  4:6,  5:1,  6:3,  
[[4, 5], [4, 2], [4, 1], [4, 3], [5, 2], [5, 1], [5, 3], [2, 6], [6, 1], [6, 3]]	Z=0, W=2

450, f=1:4,  2:5,  3:6,  4:1,  5:2,  6:3,  
[[4, 5], [4, 6], [4, 2], [4, 3], [5, 6], [5, 2], [5, 3], [6, 1], [1, 2], [1, 3]]	Z=0, W=2

451, f=1:4,  2:5,  3:6,  4:1,  5:3,  6:2,  
[[4, 5], [4, 6], [4, 3], [4, 2], [5, 6], [5, 3], [5, 2], [6, 1], [1, 3], [1, 2]]	Z=0, W=2

452, f=1:4,  2:5,  3:6,  4:2,  5:1,  6:3,  
[[4, 5], [4, 6], [4, 1], [4, 3], [5, 6], [5, 1], [5, 3], [6, 2], [2, 1], [2, 3]]	Z=0, W=2

453, f=1:4,  2:5,  3:6,  4:2,  5:3,  6:1,  
[[4, 5], [4, 6], [4, 3], [4, 1], [5, 6], [5, 3], [5, 1], [6, 2], [2, 3], [2, 1]]	Z=0, W=2

454, f=1:4,  2:5,  3:6,  4:3,  5:2,  6:1,  
[[4, 5], [4, 6], [4, 2], [4, 1], [5, 6], [5, 2], [5, 1], [6, 3], [3, 2], [3, 1]]	Z=0, W=2

455, f=1:4,  2:5,  3:6,  4:3,  5:1,  6:2,  
[[4, 5], [4, 6], [4, 1], [4, 2], [5, 6], [5, 1], [5, 2], [6, 3], [3, 1], [3, 2]]	Z=0, W=2

456, f=1:4,  2:6,  3:3,  4:1,  5:5,  6:2,  
[[4, 6], [4, 3], [4, 5], [4, 2], [6, 3], [6, 5], [6, 2], [3, 1], [1, 5], [1, 2]]	Z=-1596509747.719211, W=1596509752.8797605

457, f=1:4,  2:6,  3:3,  4:1,  5:2,  6:5,  
[[4, 6], [4, 3], [4, 2], [4, 5], [6, 3], [6, 2], [6, 5], [3, 1], [1, 2], [1, 5]]	Z=0, W=2

458, f=1:4,  2:6,  3:3,  4:5,  5:1,  6:2,  
[[4, 6], [4, 3], [4, 1], [4, 2], [6, 3], [6, 1], [6, 2], [3, 5], [5, 1], [5, 2]]	Z=-0.027639321595663336, W=2.2647919015352587

459, f=1:4,  2:6,  3:3,  4:5,  5:2,  6:1,  
[[4, 6], [4, 3], [4, 2], [4, 1], [6, 3], [6, 2], [6, 1], [3, 5], [5, 2], [5, 1]]	Z=0, W=2

460, f=1:4,  2:6,  3:3,  4:2,  5:5,  6:1,  
[[4, 6], [4, 3], [4, 5], [4, 1], [6, 3], [6, 5], [6, 1], [3, 2], [2, 5], [2, 1]]	Z=-3963939699.7485356, W=3963939704.9764256

461, f=1:4,  2:6,  3:3,  4:2,  5:1,  6:5,  
[[4, 6], [4, 3], [4, 1], [4, 5], [6, 3], [6, 1], [6, 5], [3, 2], [2, 1], [2, 5]]	Z=0, W=2

462, f=1:4,  2:6,  3:1,  4:3,  5:5,  6:2,  
[[4, 6], [4, 1], [4, 5], [4, 2], [6, 1], [6, 5], [6, 2], [1, 3], [3, 5], [3, 2]]	Z=15823616.471031554, W=15823621.376685934

463, f=1:4,  2:6,  3:1,  4:3,  5:2,  6:5,  
[[4, 6], [4, 1], [4, 2], [4, 5], [6, 1], [6, 2], [6, 5], [1, 3], [3, 2], [3, 5]]	Z=0, W=2

464, f=1:4,  2:6,  3:1,  4:5,  5:3,  6:2,  
[[4, 6], [4, 1], [4, 3], [4, 2], [6, 1], [6, 3], [6, 2], [1, 5], [5, 3], [5, 2]]	Z=0, W=2

465, f=1:4,  2:6,  3:1,  4:5,  5:2,  6:3,  
[[4, 6], [4, 1], [4, 2], [4, 3], [6, 1], [6, 2], [6, 3], [1, 5], [5, 2], [5, 3]]	Z=0, W=2

466, f=1:4,  2:6,  3:1,  4:2,  5:5,  6:3,  
[[4, 6], [4, 1], [4, 5], [4, 3], [6, 1], [6, 5], [6, 3], [1, 2], [2, 5], [2, 3]]	Z=0, W=2

467, f=1:4,  2:6,  3:1,  4:2,  5:3,  6:5,  
[[4, 6], [4, 1], [4, 3], [4, 5], [6, 1], [6, 3], [6, 5], [1, 2], [2, 3], [2, 5]]	Z=0, W=2

468, f=1:4,  2:6,  3:5,  4:1,  5:3,  6:2,  
[[4, 6], [4, 5], [4, 3], [4, 2], [6, 5], [6, 3], [6, 2], [5, 1], [1, 3], [1, 2]]	Z=0, W=2

469, f=1:4,  2:6,  3:5,  4:1,  5:2,  6:3,  
[[4, 6], [4, 5], [4, 2], [4, 3], [6, 5], [6, 2], [6, 3], [5, 1], [1, 2], [1, 3]]	Z=0, W=2

470, f=1:4,  2:6,  3:5,  4:3,  5:1,  6:2,  
[[4, 6], [4, 5], [4, 1], [4, 2], [6, 5], [6, 1], [6, 2], [5, 3], [3, 1], [3, 2]]	Z=0, W=2

471, f=1:4,  2:6,  3:5,  4:3,  5:2,  6:1,  
[[4, 6], [4, 5], [4, 2], [4, 1], [6, 5], [6, 2], [6, 1], [5, 3], [3, 2], [3, 1]]	Z=0, W=2

472, f=1:4,  2:6,  3:5,  4:2,  5:3,  6:1,  
[[4, 6], [4, 5], [4, 3], [4, 1], [6, 5], [6, 3], [6, 1], [5, 2], [2, 3], [2, 1]]	Z=0, W=2

473, f=1:4,  2:6,  3:5,  4:2,  5:1,  6:3,  
[[4, 6], [4, 5], [4, 1], [4, 3], [6, 5], [6, 1], [6, 3], [5, 2], [2, 1], [2, 3]]	Z=0, W=2

474, f=1:4,  2:6,  3:2,  4:1,  5:5,  6:3,  
[[4, 6], [4, 2], [4, 5], [4, 3], [6, 2], [6, 5], [6, 3], [2, 1], [1, 5], [1, 3]]	Z=0, W=2

475, f=1:4,  2:6,  3:2,  4:1,  5:3,  6:5,  
[[4, 6], [4, 2], [4, 3], [4, 5], [6, 2], [6, 3], [6, 5], [2, 1], [1, 3], [1, 5]]	Z=0, W=2

476, f=1:4,  2:6,  3:2,  4:5,  5:1,  6:3,  
[[4, 6], [4, 2], [4, 1], [4, 3], [6, 2], [6, 1], [6, 3], [2, 5], [5, 1], [5, 3]]	Z=0, W=2

477, f=1:4,  2:6,  3:2,  4:5,  5:3,  6:1,  
[[4, 6], [4, 2], [4, 3], [4, 1], [6, 2], [6, 3], [6, 1], [2, 5], [5, 3], [5, 1]]	Z=0, W=2

478, f=1:4,  2:6,  3:2,  4:3,  5:5,  6:1,  
[[4, 6], [4, 2], [4, 5], [4, 1], [6, 2], [6, 5], [6, 1], [2, 3], [3, 5], [3, 1]]	Z=0, W=2

479, f=1:4,  2:6,  3:2,  4:3,  5:1,  6:5,  
[[4, 6], [4, 2], [4, 1], [4, 5], [6, 2], [6, 1], [6, 5], [2, 3], [3, 1], [3, 5]]	Z=0, W=2

480, f=1:5,  2:2,  3:3,  4:4,  5:1,  6:6,  
[[5, 2], [5, 3], [5, 1], [5, 6], [2, 3], [2, 1], [2, 6], [3, 4], [4, 1], [4, 6]]	Z=0, W=2

481, f=1:5,  2:2,  3:3,  4:4,  5:6,  6:1,  
[[5, 2], [5, 3], [5, 6], [5, 1], [2, 3], [2, 6], [2, 1], [3, 4], [4, 6], [4, 1]]	Z=0, W=2

482, f=1:5,  2:2,  3:3,  4:1,  5:4,  6:6,  
[[5, 2], [5, 3], [5, 4], [5, 6], [2, 3], [2, 4], [2, 6], [3, 1], [1, 4], [1, 6]]	Z=0, W=2

483, f=1:5,  2:2,  3:3,  4:1,  5:6,  6:4,  
[[5, 2], [5, 3], [5, 6], [5, 4], [2, 3], [2, 6], [2, 4], [3, 1], [1, 6], [1, 4]]	Z=0, W=2

484, f=1:5,  2:2,  3:3,  4:6,  5:1,  6:4,  
[[5, 2], [5, 3], [5, 1], [5, 4], [2, 3], [2, 1], [2, 4], [3, 6], [6, 1], [6, 4]]	Z=0, W=2

485, f=1:5,  2:2,  3:3,  4:6,  5:4,  6:1,  
[[5, 2], [5, 3], [5, 4], [5, 1], [2, 3], [2, 4], [2, 1], [3, 6], [6, 4], [6, 1]]	Z=0, W=2

486, f=1:5,  2:2,  3:4,  4:3,  5:1,  6:6,  
[[5, 2], [5, 4], [5, 1], [5, 6], [2, 4], [2, 1], [2, 6], [4, 3], [3, 1], [3, 6]]	Z=0, W=2

487, f=1:5,  2:2,  3:4,  4:3,  5:6,  6:1,  
[[5, 2], [5, 4], [5, 6], [5, 1], [2, 4], [2, 6], [2, 1], [4, 3], [3, 6], [3, 1]]	Z=0, W=2

488, f=1:5,  2:2,  3:4,  4:1,  5:3,  6:6,  
[[5, 2], [5, 4], [5, 3], [5, 6], [2, 4], [2, 3], [2, 6], [4, 1], [1, 3], [1, 6]]	Z=0, W=2

489, f=1:5,  2:2,  3:4,  4:1,  5:6,  6:3,  
[[5, 2], [5, 4], [5, 6], [5, 3], [2, 4], [2, 6], [2, 3], [4, 1], [1, 6], [1, 3]]	Z=0, W=2

490, f=1:5,  2:2,  3:4,  4:6,  5:1,  6:3,  
[[5, 2], [5, 4], [5, 1], [5, 3], [2, 4], [2, 1], [2, 3], [4, 6], [6, 1], [6, 3]]	Z=0, W=2

491, f=1:5,  2:2,  3:4,  4:6,  5:3,  6:1,  
[[5, 2], [5, 4], [5, 3], [5, 1], [2, 4], [2, 3], [2, 1], [4, 6], [6, 3], [6, 1]]	Z=0, W=2

492, f=1:5,  2:2,  3:1,  4:4,  5:3,  6:6,  
[[5, 2], [5, 1], [5, 3], [5, 6], [2, 1], [2, 3], [2, 6], [1, 4], [4, 3], [4, 6]]	Z=0, W=2

493, f=1:5,  2:2,  3:1,  4:4,  5:6,  6:3,  
[[5, 2], [5, 1], [5, 6], [5, 3], [2, 1], [2, 6], [2, 3], [1, 4], [4, 6], [4, 3]]	Z=0, W=2

494, f=1:5,  2:2,  3:1,  4:3,  5:4,  6:6,  
[[5, 2], [5, 1], [5, 4], [5, 6], [2, 1], [2, 4], [2, 6], [1, 3], [3, 4], [3, 6]]	Z=0, W=2

495, f=1:5,  2:2,  3:1,  4:3,  5:6,  6:4,  
[[5, 2], [5, 1], [5, 6], [5, 4], [2, 1], [2, 6], [2, 4], [1, 3], [3, 6], [3, 4]]	Z=0, W=2

496, f=1:5,  2:2,  3:1,  4:6,  5:3,  6:4,  
[[5, 2], [5, 1], [5, 3], [5, 4], [2, 1], [2, 3], [2, 4], [1, 6], [6, 3], [6, 4]]	Z=0, W=2

497, f=1:5,  2:2,  3:1,  4:6,  5:4,  6:3,  
[[5, 2], [5, 1], [5, 4], [5, 3], [2, 1], [2, 4], [2, 3], [1, 6], [6, 4], [6, 3]]	Z=0, W=2

498, f=1:5,  2:2,  3:6,  4:4,  5:1,  6:3,  
[[5, 2], [5, 6], [5, 1], [5, 3], [2, 6], [2, 1], [2, 3], [6, 4], [4, 1], [4, 3]]	Z=0, W=2

499, f=1:5,  2:2,  3:6,  4:4,  5:3,  6:1,  
[[5, 2], [5, 6], [5, 3], [5, 1], [2, 6], [2, 3], [2, 1], [6, 4], [4, 3], [4, 1]]	Z=0, W=2

500, f=1:5,  2:2,  3:6,  4:1,  5:4,  6:3,  
[[5, 2], [5, 6], [5, 4], [5, 3], [2, 6], [2, 4], [2, 3], [6, 1], [1, 4], [1, 3]]	Z=0, W=2

501, f=1:5,  2:2,  3:6,  4:1,  5:3,  6:4,  
[[5, 2], [5, 6], [5, 3], [5, 4], [2, 6], [2, 3], [2, 4], [6, 1], [1, 3], [1, 4]]	Z=0, W=2

502, f=1:5,  2:2,  3:6,  4:3,  5:1,  6:4,  
[[5, 2], [5, 6], [5, 1], [5, 4], [2, 6], [2, 1], [2, 4], [6, 3], [3, 1], [3, 4]]	Z=0, W=2

503, f=1:5,  2:2,  3:6,  4:3,  5:4,  6:1,  
[[5, 2], [5, 6], [5, 4], [5, 1], [2, 6], [2, 4], [2, 1], [6, 3], [3, 4], [3, 1]]	Z=0, W=2

504, f=1:5,  2:3,  3:2,  4:4,  5:1,  6:6,  
[[5, 3], [5, 2], [5, 1], [5, 6], [3, 2], [3, 1], [3, 6], [2, 4], [4, 1], [4, 6]]	Z=0, W=2

505, f=1:5,  2:3,  3:2,  4:4,  5:6,  6:1,  
[[5, 3], [5, 2], [5, 6], [5, 1], [3, 2], [3, 6], [3, 1], [2, 4], [4, 6], [4, 1]]	Z=0, W=2

506, f=1:5,  2:3,  3:2,  4:1,  5:4,  6:6,  
[[5, 3], [5, 2], [5, 4], [5, 6], [3, 2], [3, 4], [3, 6], [2, 1], [1, 4], [1, 6]]	Z=0, W=2

507, f=1:5,  2:3,  3:2,  4:1,  5:6,  6:4,  
[[5, 3], [5, 2], [5, 6], [5, 4], [3, 2], [3, 6], [3, 4], [2, 1], [1, 6], [1, 4]]	Z=0, W=2

508, f=1:5,  2:3,  3:2,  4:6,  5:1,  6:4,  
[[5, 3], [5, 2], [5, 1], [5, 4], [3, 2], [3, 1], [3, 4], [2, 6], [6, 1], [6, 4]]	Z=0, W=2

509, f=1:5,  2:3,  3:2,  4:6,  5:4,  6:1,  
[[5, 3], [5, 2], [5, 4], [5, 1], [3, 2], [3, 4], [3, 1], [2, 6], [6, 4], [6, 1]]	Z=0, W=2

510, f=1:5,  2:3,  3:4,  4:2,  5:1,  6:6,  
[[5, 3], [5, 4], [5, 1], [5, 6], [3, 4], [3, 1], [3, 6], [4, 2], [2, 1], [2, 6]]	Z=0, W=2

511, f=1:5,  2:3,  3:4,  4:2,  5:6,  6:1,  
[[5, 3], [5, 4], [5, 6], [5, 1], [3, 4], [3, 6], [3, 1], [4, 2], [2, 6], [2, 1]]	Z=0, W=2

512, f=1:5,  2:3,  3:4,  4:1,  5:2,  6:6,  
[[5, 3], [5, 4], [5, 2], [5, 6], [3, 4], [3, 2], [3, 6], [4, 1], [1, 2], [1, 6]]	Z=0, W=2

513, f=1:5,  2:3,  3:4,  4:1,  5:6,  6:2,  
[[5, 3], [5, 4], [5, 6], [5, 2], [3, 4], [3, 6], [3, 2], [4, 1], [1, 6], [1, 2]]	Z=0, W=2

514, f=1:5,  2:3,  3:4,  4:6,  5:1,  6:2,  
[[5, 3], [5, 4], [5, 1], [5, 2], [3, 4], [3, 1], [3, 2], [4, 6], [6, 1], [6, 2]]	Z=0, W=2

515, f=1:5,  2:3,  3:4,  4:6,  5:2,  6:1,  
[[5, 3], [5, 4], [5, 2], [5, 1], [3, 4], [3, 2], [3, 1], [4, 6], [6, 2], [6, 1]]	Z=0, W=2

516, f=1:5,  2:3,  3:1,  4:4,  5:2,  6:6,  
[[5, 3], [5, 1], [5, 2], [5, 6], [3, 1], [3, 2], [3, 6], [1, 4], [4, 2], [4, 6]]	Z=0, W=2

517, f=1:5,  2:3,  3:1,  4:4,  5:6,  6:2,  
[[5, 3], [5, 1], [5, 6], [5, 2], [3, 1], [3, 6], [3, 2], [1, 4], [4, 6], [4, 2]]	Z=0, W=2

518, f=1:5,  2:3,  3:1,  4:2,  5:4,  6:6,  
[[5, 3], [5, 1], [5, 4], [5, 6], [3, 1], [3, 4], [3, 6], [1, 2], [2, 4], [2, 6]]	Z=0, W=2

519, f=1:5,  2:3,  3:1,  4:2,  5:6,  6:4,  
[[5, 3], [5, 1], [5, 6], [5, 4], [3, 1], [3, 6], [3, 4], [1, 2], [2, 6], [2, 4]]	Z=0, W=2

520, f=1:5,  2:3,  3:1,  4:6,  5:2,  6:4,  
[[5, 3], [5, 1], [5, 2], [5, 4], [3, 1], [3, 2], [3, 4], [1, 6], [6, 2], [6, 4]]	Z=0, W=2

521, f=1:5,  2:3,  3:1,  4:6,  5:4,  6:2,  
[[5, 3], [5, 1], [5, 4], [5, 2], [3, 1], [3, 4], [3, 2], [1, 6], [6, 4], [6, 2]]	Z=0, W=2

522, f=1:5,  2:3,  3:6,  4:4,  5:1,  6:2,  
[[5, 3], [5, 6], [5, 1], [5, 2], [3, 6], [3, 1], [3, 2], [6, 4], [4, 1], [4, 2]]	Z=0, W=2

523, f=1:5,  2:3,  3:6,  4:4,  5:2,  6:1,  
[[5, 3], [5, 6], [5, 2], [5, 1], [3, 6], [3, 2], [3, 1], [6, 4], [4, 2], [4, 1]]	Z=0, W=2

524, f=1:5,  2:3,  3:6,  4:1,  5:4,  6:2,  
[[5, 3], [5, 6], [5, 4], [5, 2], [3, 6], [3, 4], [3, 2], [6, 1], [1, 4], [1, 2]]	Z=0, W=2

525, f=1:5,  2:3,  3:6,  4:1,  5:2,  6:4,  
[[5, 3], [5, 6], [5, 2], [5, 4], [3, 6], [3, 2], [3, 4], [6, 1], [1, 2], [1, 4]]	Z=0, W=2

526, f=1:5,  2:3,  3:6,  4:2,  5:1,  6:4,  
[[5, 3], [5, 6], [5, 1], [5, 4], [3, 6], [3, 1], [3, 4], [6, 2], [2, 1], [2, 4]]	Z=0, W=2

527, f=1:5,  2:3,  3:6,  4:2,  5:4,  6:1,  
[[5, 3], [5, 6], [5, 4], [5, 1], [3, 6], [3, 4], [3, 1], [6, 2], [2, 4], [2, 1]]	Z=0, W=2

528, f=1:5,  2:4,  3:3,  4:2,  5:1,  6:6,  
[[5, 4], [5, 3], [5, 1], [5, 6], [4, 3], [4, 1], [4, 6], [3, 2], [2, 1], [2, 6]]	Z=0, W=2

529, f=1:5,  2:4,  3:3,  4:2,  5:6,  6:1,  
[[5, 4], [5, 3], [5, 6], [5, 1], [4, 3], [4, 6], [4, 1], [3, 2], [2, 6], [2, 1]]	Z=0, W=2

530, f=1:5,  2:4,  3:3,  4:1,  5:2,  6:6,  
[[5, 4], [5, 3], [5, 2], [5, 6], [4, 3], [4, 2], [4, 6], [3, 1], [1, 2], [1, 6]]	Z=0, W=2

531, f=1:5,  2:4,  3:3,  4:1,  5:6,  6:2,  
[[5, 4], [5, 3], [5, 6], [5, 2], [4, 3], [4, 6], [4, 2], [3, 1], [1, 6], [1, 2]]	Z=0, W=2

532, f=1:5,  2:4,  3:3,  4:6,  5:1,  6:2,  
[[5, 4], [5, 3], [5, 1], [5, 2], [4, 3], [4, 1], [4, 2], [3, 6], [6, 1], [6, 2]]	Z=0, W=2

533, f=1:5,  2:4,  3:3,  4:6,  5:2,  6:1,  
[[5, 4], [5, 3], [5, 2], [5, 1], [4, 3], [4, 2], [4, 1], [3, 6], [6, 2], [6, 1]]	Z=0, W=2

534, f=1:5,  2:4,  3:2,  4:3,  5:1,  6:6,  
[[5, 4], [5, 2], [5, 1], [5, 6], [4, 2], [4, 1], [4, 6], [2, 3], [3, 1], [3, 6]]	Z=0, W=2

535, f=1:5,  2:4,  3:2,  4:3,  5:6,  6:1,  
[[5, 4], [5, 2], [5, 6], [5, 1], [4, 2], [4, 6], [4, 1], [2, 3], [3, 6], [3, 1]]	Z=0, W=2

536, f=1:5,  2:4,  3:2,  4:1,  5:3,  6:6,  
[[5, 4], [5, 2], [5, 3], [5, 6], [4, 2], [4, 3], [4, 6], [2, 1], [1, 3], [1, 6]]	Z=0, W=2

537, f=1:5,  2:4,  3:2,  4:1,  5:6,  6:3,  
[[5, 4], [5, 2], [5, 6], [5, 3], [4, 2], [4, 6], [4, 3], [2, 1], [1, 6], [1, 3]]	Z=0, W=2

538, f=1:5,  2:4,  3:2,  4:6,  5:1,  6:3,  
[[5, 4], [5, 2], [5, 1], [5, 3], [4, 2], [4, 1], [4, 3], [2, 6], [6, 1], [6, 3]]	Z=0, W=2

539, f=1:5,  2:4,  3:2,  4:6,  5:3,  6:1,  
[[5, 4], [5, 2], [5, 3], [5, 1], [4, 2], [4, 3], [4, 1], [2, 6], [6, 3], [6, 1]]	Z=0, W=2

540, f=1:5,  2:4,  3:1,  4:2,  5:3,  6:6,  
[[5, 4], [5, 1], [5, 3], [5, 6], [4, 1], [4, 3], [4, 6], [1, 2], [2, 3], [2, 6]]	Z=0, W=2

541, f=1:5,  2:4,  3:1,  4:2,  5:6,  6:3,  
[[5, 4], [5, 1], [5, 6], [5, 3], [4, 1], [4, 6], [4, 3], [1, 2], [2, 6], [2, 3]]	Z=0, W=2

542, f=1:5,  2:4,  3:1,  4:3,  5:2,  6:6,  
[[5, 4], [5, 1], [5, 2], [5, 6], [4, 1], [4, 2], [4, 6], [1, 3], [3, 2], [3, 6]]	Z=0, W=2

543, f=1:5,  2:4,  3:1,  4:3,  5:6,  6:2,  
[[5, 4], [5, 1], [5, 6], [5, 2], [4, 1], [4, 6], [4, 2], [1, 3], [3, 6], [3, 2]]	Z=0, W=2

544, f=1:5,  2:4,  3:1,  4:6,  5:3,  6:2,  
[[5, 4], [5, 1], [5, 3], [5, 2], [4, 1], [4, 3], [4, 2], [1, 6], [6, 3], [6, 2]]	Z=0, W=2

545, f=1:5,  2:4,  3:1,  4:6,  5:2,  6:3,  
[[5, 4], [5, 1], [5, 2], [5, 3], [4, 1], [4, 2], [4, 3], [1, 6], [6, 2], [6, 3]]	Z=0, W=2

546, f=1:5,  2:4,  3:6,  4:2,  5:1,  6:3,  
[[5, 4], [5, 6], [5, 1], [5, 3], [4, 6], [4, 1], [4, 3], [6, 2], [2, 1], [2, 3]]	Z=0, W=2

547, f=1:5,  2:4,  3:6,  4:2,  5:3,  6:1,  
[[5, 4], [5, 6], [5, 3], [5, 1], [4, 6], [4, 3], [4, 1], [6, 2], [2, 3], [2, 1]]	Z=0, W=2

548, f=1:5,  2:4,  3:6,  4:1,  5:2,  6:3,  
[[5, 4], [5, 6], [5, 2], [5, 3], [4, 6], [4, 2], [4, 3], [6, 1], [1, 2], [1, 3]]	Z=0, W=2

549, f=1:5,  2:4,  3:6,  4:1,  5:3,  6:2,  
[[5, 4], [5, 6], [5, 3], [5, 2], [4, 6], [4, 3], [4, 2], [6, 1], [1, 3], [1, 2]]	Z=0, W=2

550, f=1:5,  2:4,  3:6,  4:3,  5:1,  6:2,  
[[5, 4], [5, 6], [5, 1], [5, 2], [4, 6], [4, 1], [4, 2], [6, 3], [3, 1], [3, 2]]	Z=0, W=2

551, f=1:5,  2:4,  3:6,  4:3,  5:2,  6:1,  
[[5, 4], [5, 6], [5, 2], [5, 1], [4, 6], [4, 2], [4, 1], [6, 3], [3, 2], [3, 1]]	Z=0, W=2

552, f=1:5,  2:1,  3:3,  4:4,  5:2,  6:6,  
[[5, 1], [5, 3], [5, 2], [5, 6], [1, 3], [1, 2], [1, 6], [3, 4], [4, 2], [4, 6]]	Z=0, W=2

553, f=1:5,  2:1,  3:3,  4:4,  5:6,  6:2,  
[[5, 1], [5, 3], [5, 6], [5, 2], [1, 3], [1, 6], [1, 2], [3, 4], [4, 6], [4, 2]]	Z=0, W=2

554, f=1:5,  2:1,  3:3,  4:2,  5:4,  6:6,  
[[5, 1], [5, 3], [5, 4], [5, 6], [1, 3], [1, 4], [1, 6], [3, 2], [2, 4], [2, 6]]	Z=0, W=2

555, f=1:5,  2:1,  3:3,  4:2,  5:6,  6:4,  
[[5, 1], [5, 3], [5, 6], [5, 4], [1, 3], [1, 6], [1, 4], [3, 2], [2, 6], [2, 4]]	Z=0, W=2

556, f=1:5,  2:1,  3:3,  4:6,  5:2,  6:4,  
[[5, 1], [5, 3], [5, 2], [5, 4], [1, 3], [1, 2], [1, 4], [3, 6], [6, 2], [6, 4]]	Z=0, W=2

557, f=1:5,  2:1,  3:3,  4:6,  5:4,  6:2,  
[[5, 1], [5, 3], [5, 4], [5, 2], [1, 3], [1, 4], [1, 2], [3, 6], [6, 4], [6, 2]]	Z=0, W=2

558, f=1:5,  2:1,  3:4,  4:3,  5:2,  6:6,  
[[5, 1], [5, 4], [5, 2], [5, 6], [1, 4], [1, 2], [1, 6], [4, 3], [3, 2], [3, 6]]	Z=0, W=2

559, f=1:5,  2:1,  3:4,  4:3,  5:6,  6:2,  
[[5, 1], [5, 4], [5, 6], [5, 2], [1, 4], [1, 6], [1, 2], [4, 3], [3, 6], [3, 2]]	Z=0, W=2

560, f=1:5,  2:1,  3:4,  4:2,  5:3,  6:6,  
[[5, 1], [5, 4], [5, 3], [5, 6], [1, 4], [1, 3], [1, 6], [4, 2], [2, 3], [2, 6]]	Z=0, W=2

561, f=1:5,  2:1,  3:4,  4:2,  5:6,  6:3,  
[[5, 1], [5, 4], [5, 6], [5, 3], [1, 4], [1, 6], [1, 3], [4, 2], [2, 6], [2, 3]]	Z=0, W=2

562, f=1:5,  2:1,  3:4,  4:6,  5:2,  6:3,  
[[5, 1], [5, 4], [5, 2], [5, 3], [1, 4], [1, 2], [1, 3], [4, 6], [6, 2], [6, 3]]	Z=0, W=2

563, f=1:5,  2:1,  3:4,  4:6,  5:3,  6:2,  
[[5, 1], [5, 4], [5, 3], [5, 2], [1, 4], [1, 3], [1, 2], [4, 6], [6, 3], [6, 2]]	Z=0, W=2

564, f=1:5,  2:1,  3:2,  4:4,  5:3,  6:6,  
[[5, 1], [5, 2], [5, 3], [5, 6], [1, 2], [1, 3], [1, 6], [2, 4], [4, 3], [4, 6]]	Z=0, W=2

565, f=1:5,  2:1,  3:2,  4:4,  5:6,  6:3,  
[[5, 1], [5, 2], [5, 6], [5, 3], [1, 2], [1, 6], [1, 3], [2, 4], [4, 6], [4, 3]]	Z=0, W=2

566, f=1:5,  2:1,  3:2,  4:3,  5:4,  6:6,  
[[5, 1], [5, 2], [5, 4], [5, 6], [1, 2], [1, 4], [1, 6], [2, 3], [3, 4], [3, 6]]	Z=0, W=2

567, f=1:5,  2:1,  3:2,  4:3,  5:6,  6:4,  
[[5, 1], [5, 2], [5, 6], [5, 4], [1, 2], [1, 6], [1, 4], [2, 3], [3, 6], [3, 4]]	Z=0, W=2

568, f=1:5,  2:1,  3:2,  4:6,  5:3,  6:4,  
[[5, 1], [5, 2], [5, 3], [5, 4], [1, 2], [1, 3], [1, 4], [2, 6], [6, 3], [6, 4]]	Z=0, W=2

569, f=1:5,  2:1,  3:2,  4:6,  5:4,  6:3,  
[[5, 1], [5, 2], [5, 4], [5, 3], [1, 2], [1, 4], [1, 3], [2, 6], [6, 4], [6, 3]]	Z=0, W=2

570, f=1:5,  2:1,  3:6,  4:4,  5:2,  6:3,  
[[5, 1], [5, 6], [5, 2], [5, 3], [1, 6], [1, 2], [1, 3], [6, 4], [4, 2], [4, 3]]	Z=0, W=2

571, f=1:5,  2:1,  3:6,  4:4,  5:3,  6:2,  
[[5, 1], [5, 6], [5, 3], [5, 2], [1, 6], [1, 3], [1, 2], [6, 4], [4, 3], [4, 2]]	Z=0, W=2

572, f=1:5,  2:1,  3:6,  4:2,  5:4,  6:3,  
[[5, 1], [5, 6], [5, 4], [5, 3], [1, 6], [1, 4], [1, 3], [6, 2], [2, 4], [2, 3]]	Z=0, W=2

573, f=1:5,  2:1,  3:6,  4:2,  5:3,  6:4,  
[[5, 1], [5, 6], [5, 3], [5, 4], [1, 6], [1, 3], [1, 4], [6, 2], [2, 3], [2, 4]]	Z=0, W=2

574, f=1:5,  2:1,  3:6,  4:3,  5:2,  6:4,  
[[5, 1], [5, 6], [5, 2], [5, 4], [1, 6], [1, 2], [1, 4], [6, 3], [3, 2], [3, 4]]	Z=0, W=2

575, f=1:5,  2:1,  3:6,  4:3,  5:4,  6:2,  
[[5, 1], [5, 6], [5, 4], [5, 2], [1, 6], [1, 4], [1, 2], [6, 3], [3, 4], [3, 2]]	Z=0, W=2

576, f=1:5,  2:6,  3:3,  4:4,  5:1,  6:2,  
[[5, 6], [5, 3], [5, 1], [5, 2], [6, 3], [6, 1], [6, 2], [3, 4], [4, 1], [4, 2]]	Z=1.7299607531990373, W=4.5870302086282155

577, f=1:5,  2:6,  3:3,  4:4,  5:2,  6:1,  
[[5, 6], [5, 3], [5, 2], [5, 1], [6, 3], [6, 2], [6, 1], [3, 4], [4, 2], [4, 1]]	Z=0, W=2

578, f=1:5,  2:6,  3:3,  4:1,  5:4,  6:2,  
[[5, 6], [5, 3], [5, 4], [5, 2], [6, 3], [6, 4], [6, 2], [3, 1], [1, 4], [1, 2]]	Z=139267511.2807089, W=139267518.43127355

579, f=1:5,  2:6,  3:3,  4:1,  5:2,  6:4,  
[[5, 6], [5, 3], [5, 2], [5, 4], [6, 3], [6, 2], [6, 4], [3, 1], [1, 2], [1, 4]]	Z=0, W=2

580, f=1:5,  2:6,  3:3,  4:2,  5:1,  6:4,  
[[5, 6], [5, 3], [5, 1], [5, 4], [6, 3], [6, 1], [6, 4], [3, 2], [2, 1], [2, 4]]	Z=-724180502.344251, W=724180507.6299305

581, f=1:5,  2:6,  3:3,  4:2,  5:4,  6:1,  
[[5, 6], [5, 3], [5, 4], [5, 1], [6, 3], [6, 4], [6, 1], [3, 2], [2, 4], [2, 1]]	Z=0, W=2

582, f=1:5,  2:6,  3:4,  4:3,  5:1,  6:2,  
[[5, 6], [5, 4], [5, 1], [5, 2], [6, 4], [6, 1], [6, 2], [4, 3], [3, 1], [3, 2]]	Z=14937288.419775164, W=14937293.380559478

583, f=1:5,  2:6,  3:4,  4:3,  5:2,  6:1,  
[[5, 6], [5, 4], [5, 2], [5, 1], [6, 4], [6, 2], [6, 1], [4, 3], [3, 2], [3, 1]]	Z=0, W=2

584, f=1:5,  2:6,  3:4,  4:1,  5:3,  6:2,  
[[5, 6], [5, 4], [5, 3], [5, 2], [6, 4], [6, 3], [6, 2], [4, 1], [1, 3], [1, 2]]	Z=0, W=2

585, f=1:5,  2:6,  3:4,  4:1,  5:2,  6:3,  
[[5, 6], [5, 4], [5, 2], [5, 3], [6, 4], [6, 2], [6, 3], [4, 1], [1, 2], [1, 3]]	Z=0, W=2

586, f=1:5,  2:6,  3:4,  4:2,  5:1,  6:3,  
[[5, 6], [5, 4], [5, 1], [5, 3], [6, 4], [6, 1], [6, 3], [4, 2], [2, 1], [2, 3]]	Z=0, W=2

587, f=1:5,  2:6,  3:4,  4:2,  5:3,  6:1,  
[[5, 6], [5, 4], [5, 3], [5, 1], [6, 4], [6, 3], [6, 1], [4, 2], [2, 3], [2, 1]]	Z=0, W=2

588, f=1:5,  2:6,  3:1,  4:4,  5:3,  6:2,  
[[5, 6], [5, 1], [5, 3], [5, 2], [6, 1], [6, 3], [6, 2], [1, 4], [4, 3], [4, 2]]	Z=0, W=2

589, f=1:5,  2:6,  3:1,  4:4,  5:2,  6:3,  
[[5, 6], [5, 1], [5, 2], [5, 3], [6, 1], [6, 2], [6, 3], [1, 4], [4, 2], [4, 3]]	Z=0, W=2

590, f=1:5,  2:6,  3:1,  4:3,  5:4,  6:2,  
[[5, 6], [5, 1], [5, 4], [5, 2], [6, 1], [6, 4], [6, 2], [1, 3], [3, 4], [3, 2]]	Z=0, W=2

591, f=1:5,  2:6,  3:1,  4:3,  5:2,  6:4,  
[[5, 6], [5, 1], [5, 2], [5, 4], [6, 1], [6, 2], [6, 4], [1, 3], [3, 2], [3, 4]]	Z=0, W=2

592, f=1:5,  2:6,  3:1,  4:2,  5:3,  6:4,  
[[5, 6], [5, 1], [5, 3], [5, 4], [6, 1], [6, 3], [6, 4], [1, 2], [2, 3], [2, 4]]	Z=0, W=2

593, f=1:5,  2:6,  3:1,  4:2,  5:4,  6:3,  
[[5, 6], [5, 1], [5, 4], [5, 3], [6, 1], [6, 4], [6, 3], [1, 2], [2, 4], [2, 3]]	Z=0, W=2

594, f=1:5,  2:6,  3:2,  4:4,  5:1,  6:3,  
[[5, 6], [5, 2], [5, 1], [5, 3], [6, 2], [6, 1], [6, 3], [2, 4], [4, 1], [4, 3]]	Z=0, W=2

595, f=1:5,  2:6,  3:2,  4:4,  5:3,  6:1,  
[[5, 6], [5, 2], [5, 3], [5, 1], [6, 2], [6, 3], [6, 1], [2, 4], [4, 3], [4, 1]]	Z=0, W=2

596, f=1:5,  2:6,  3:2,  4:1,  5:4,  6:3,  
[[5, 6], [5, 2], [5, 4], [5, 3], [6, 2], [6, 4], [6, 3], [2, 1], [1, 4], [1, 3]]	Z=0, W=2

597, f=1:5,  2:6,  3:2,  4:1,  5:3,  6:4,  
[[5, 6], [5, 2], [5, 3], [5, 4], [6, 2], [6, 3], [6, 4], [2, 1], [1, 3], [1, 4]]	Z=0, W=2

598, f=1:5,  2:6,  3:2,  4:3,  5:1,  6:4,  
[[5, 6], [5, 2], [5, 1], [5, 4], [6, 2], [6, 1], [6, 4], [2, 3], [3, 1], [3, 4]]	Z=0, W=2

599, f=1:5,  2:6,  3:2,  4:3,  5:4,  6:1,  
[[5, 6], [5, 2], [5, 4], [5, 1], [6, 2], [6, 4], [6, 1], [2, 3], [3, 4], [3, 1]]	Z=0, W=2

600, f=1:6,  2:2,  3:3,  4:4,  5:5,  6:1,  
[[6, 2], [6, 3], [6, 5], [6, 1], [2, 3], [2, 5], [2, 1], [3, 4], [4, 5], [4, 1]]	Z=0, W=2

601, f=1:6,  2:2,  3:3,  4:4,  5:1,  6:5,  
[[6, 2], [6, 3], [6, 1], [6, 5], [2, 3], [2, 1], [2, 5], [3, 4], [4, 1], [4, 5]]	Z=0, W=2

602, f=1:6,  2:2,  3:3,  4:5,  5:4,  6:1,  
[[6, 2], [6, 3], [6, 4], [6, 1], [2, 3], [2, 4], [2, 1], [3, 5], [5, 4], [5, 1]]	Z=0, W=2

603, f=1:6,  2:2,  3:3,  4:5,  5:1,  6:4,  
[[6, 2], [6, 3], [6, 1], [6, 4], [2, 3], [2, 1], [2, 4], [3, 5], [5, 1], [5, 4]]	Z=0, W=2

604, f=1:6,  2:2,  3:3,  4:1,  5:5,  6:4,  
[[6, 2], [6, 3], [6, 5], [6, 4], [2, 3], [2, 5], [2, 4], [3, 1], [1, 5], [1, 4]]	Z=0, W=2

605, f=1:6,  2:2,  3:3,  4:1,  5:4,  6:5,  
[[6, 2], [6, 3], [6, 4], [6, 5], [2, 3], [2, 4], [2, 5], [3, 1], [1, 4], [1, 5]]	Z=0, W=2

606, f=1:6,  2:2,  3:4,  4:3,  5:5,  6:1,  
[[6, 2], [6, 4], [6, 5], [6, 1], [2, 4], [2, 5], [2, 1], [4, 3], [3, 5], [3, 1]]	Z=0, W=2

607, f=1:6,  2:2,  3:4,  4:3,  5:1,  6:5,  
[[6, 2], [6, 4], [6, 1], [6, 5], [2, 4], [2, 1], [2, 5], [4, 3], [3, 1], [3, 5]]	Z=0, W=2

608, f=1:6,  2:2,  3:4,  4:5,  5:3,  6:1,  
[[6, 2], [6, 4], [6, 3], [6, 1], [2, 4], [2, 3], [2, 1], [4, 5], [5, 3], [5, 1]]	Z=0, W=2

609, f=1:6,  2:2,  3:4,  4:5,  5:1,  6:3,  
[[6, 2], [6, 4], [6, 1], [6, 3], [2, 4], [2, 1], [2, 3], [4, 5], [5, 1], [5, 3]]	Z=0, W=2

610, f=1:6,  2:2,  3:4,  4:1,  5:5,  6:3,  
[[6, 2], [6, 4], [6, 5], [6, 3], [2, 4], [2, 5], [2, 3], [4, 1], [1, 5], [1, 3]]	Z=0, W=2

611, f=1:6,  2:2,  3:4,  4:1,  5:3,  6:5,  
[[6, 2], [6, 4], [6, 3], [6, 5], [2, 4], [2, 3], [2, 5], [4, 1], [1, 3], [1, 5]]	Z=0, W=2

612, f=1:6,  2:2,  3:5,  4:4,  5:3,  6:1,  
[[6, 2], [6, 5], [6, 3], [6, 1], [2, 5], [2, 3], [2, 1], [5, 4], [4, 3], [4, 1]]	Z=0, W=2

613, f=1:6,  2:2,  3:5,  4:4,  5:1,  6:3,  
[[6, 2], [6, 5], [6, 1], [6, 3], [2, 5], [2, 1], [2, 3], [5, 4], [4, 1], [4, 3]]	Z=0, W=2

614, f=1:6,  2:2,  3:5,  4:3,  5:4,  6:1,  
[[6, 2], [6, 5], [6, 4], [6, 1], [2, 5], [2, 4], [2, 1], [5, 3], [3, 4], [3, 1]]	Z=0, W=2

615, f=1:6,  2:2,  3:5,  4:3,  5:1,  6:4,  
[[6, 2], [6, 5], [6, 1], [6, 4], [2, 5], [2, 1], [2, 4], [5, 3], [3, 1], [3, 4]]	Z=0, W=2

616, f=1:6,  2:2,  3:5,  4:1,  5:3,  6:4,  
[[6, 2], [6, 5], [6, 3], [6, 4], [2, 5], [2, 3], [2, 4], [5, 1], [1, 3], [1, 4]]	Z=0, W=2

617, f=1:6,  2:2,  3:5,  4:1,  5:4,  6:3,  
[[6, 2], [6, 5], [6, 4], [6, 3], [2, 5], [2, 4], [2, 3], [5, 1], [1, 4], [1, 3]]	Z=0, W=2

618, f=1:6,  2:2,  3:1,  4:4,  5:5,  6:3,  
[[6, 2], [6, 1], [6, 5], [6, 3], [2, 1], [2, 5], [2, 3], [1, 4], [4, 5], [4, 3]]	Z=0, W=2

619, f=1:6,  2:2,  3:1,  4:4,  5:3,  6:5,  
[[6, 2], [6, 1], [6, 3], [6, 5], [2, 1], [2, 3], [2, 5], [1, 4], [4, 3], [4, 5]]	Z=0, W=2

620, f=1:6,  2:2,  3:1,  4:5,  5:4,  6:3,  
[[6, 2], [6, 1], [6, 4], [6, 3], [2, 1], [2, 4], [2, 3], [1, 5], [5, 4], [5, 3]]	Z=0, W=2

621, f=1:6,  2:2,  3:1,  4:5,  5:3,  6:4,  
[[6, 2], [6, 1], [6, 3], [6, 4], [2, 1], [2, 3], [2, 4], [1, 5], [5, 3], [5, 4]]	Z=0, W=2

622, f=1:6,  2:2,  3:1,  4:3,  5:5,  6:4,  
[[6, 2], [6, 1], [6, 5], [6, 4], [2, 1], [2, 5], [2, 4], [1, 3], [3, 5], [3, 4]]	Z=0, W=2

623, f=1:6,  2:2,  3:1,  4:3,  5:4,  6:5,  
[[6, 2], [6, 1], [6, 4], [6, 5], [2, 1], [2, 4], [2, 5], [1, 3], [3, 4], [3, 5]]	Z=0, W=2

624, f=1:6,  2:3,  3:2,  4:4,  5:5,  6:1,  
[[6, 3], [6, 2], [6, 5], [6, 1], [3, 2], [3, 5], [3, 1], [2, 4], [4, 5], [4, 1]]	Z=0, W=2

625, f=1:6,  2:3,  3:2,  4:4,  5:1,  6:5,  
[[6, 3], [6, 2], [6, 1], [6, 5], [3, 2], [3, 1], [3, 5], [2, 4], [4, 1], [4, 5]]	Z=0, W=2

626, f=1:6,  2:3,  3:2,  4:5,  5:4,  6:1,  
[[6, 3], [6, 2], [6, 4], [6, 1], [3, 2], [3, 4], [3, 1], [2, 5], [5, 4], [5, 1]]	Z=0, W=2

627, f=1:6,  2:3,  3:2,  4:5,  5:1,  6:4,  
[[6, 3], [6, 2], [6, 1], [6, 4], [3, 2], [3, 1], [3, 4], [2, 5], [5, 1], [5, 4]]	Z=0, W=2

628, f=1:6,  2:3,  3:2,  4:1,  5:5,  6:4,  
[[6, 3], [6, 2], [6, 5], [6, 4], [3, 2], [3, 5], [3, 4], [2, 1], [1, 5], [1, 4]]	Z=0, W=2

629, f=1:6,  2:3,  3:2,  4:1,  5:4,  6:5,  
[[6, 3], [6, 2], [6, 4], [6, 5], [3, 2], [3, 4], [3, 5], [2, 1], [1, 4], [1, 5]]	Z=0, W=2

630, f=1:6,  2:3,  3:4,  4:2,  5:5,  6:1,  
[[6, 3], [6, 4], [6, 5], [6, 1], [3, 4], [3, 5], [3, 1], [4, 2], [2, 5], [2, 1]]	Z=0, W=2

631, f=1:6,  2:3,  3:4,  4:2,  5:1,  6:5,  
[[6, 3], [6, 4], [6, 1], [6, 5], [3, 4], [3, 1], [3, 5], [4, 2], [2, 1], [2, 5]]	Z=0, W=2

632, f=1:6,  2:3,  3:4,  4:5,  5:2,  6:1,  
[[6, 3], [6, 4], [6, 2], [6, 1], [3, 4], [3, 2], [3, 1], [4, 5], [5, 2], [5, 1]]	Z=0, W=2

633, f=1:6,  2:3,  3:4,  4:5,  5:1,  6:2,  
[[6, 3], [6, 4], [6, 1], [6, 2], [3, 4], [3, 1], [3, 2], [4, 5], [5, 1], [5, 2]]	Z=0, W=2

634, f=1:6,  2:3,  3:4,  4:1,  5:5,  6:2,  
[[6, 3], [6, 4], [6, 5], [6, 2], [3, 4], [3, 5], [3, 2], [4, 1], [1, 5], [1, 2]]	Z=0, W=2

635, f=1:6,  2:3,  3:4,  4:1,  5:2,  6:5,  
[[6, 3], [6, 4], [6, 2], [6, 5], [3, 4], [3, 2], [3, 5], [4, 1], [1, 2], [1, 5]]	Z=0, W=2

636, f=1:6,  2:3,  3:5,  4:4,  5:2,  6:1,  
[[6, 3], [6, 5], [6, 2], [6, 1], [3, 5], [3, 2], [3, 1], [5, 4], [4, 2], [4, 1]]	Z=0, W=2

637, f=1:6,  2:3,  3:5,  4:4,  5:1,  6:2,  
[[6, 3], [6, 5], [6, 1], [6, 2], [3, 5], [3, 1], [3, 2], [5, 4], [4, 1], [4, 2]]	Z=0, W=2

638, f=1:6,  2:3,  3:5,  4:2,  5:4,  6:1,  
[[6, 3], [6, 5], [6, 4], [6, 1], [3, 5], [3, 4], [3, 1], [5, 2], [2, 4], [2, 1]]	Z=0, W=2

639, f=1:6,  2:3,  3:5,  4:2,  5:1,  6:4,  
[[6, 3], [6, 5], [6, 1], [6, 4], [3, 5], [3, 1], [3, 4], [5, 2], [2, 1], [2, 4]]	Z=0, W=2

640, f=1:6,  2:3,  3:5,  4:1,  5:2,  6:4,  
[[6, 3], [6, 5], [6, 2], [6, 4], [3, 5], [3, 2], [3, 4], [5, 1], [1, 2], [1, 4]]	Z=0, W=2

641, f=1:6,  2:3,  3:5,  4:1,  5:4,  6:2,  
[[6, 3], [6, 5], [6, 4], [6, 2], [3, 5], [3, 4], [3, 2], [5, 1], [1, 4], [1, 2]]	Z=0, W=2

642, f=1:6,  2:3,  3:1,  4:4,  5:5,  6:2,  
[[6, 3], [6, 1], [6, 5], [6, 2], [3, 1], [3, 5], [3, 2], [1, 4], [4, 5], [4, 2]]	Z=0, W=2

643, f=1:6,  2:3,  3:1,  4:4,  5:2,  6:5,  
[[6, 3], [6, 1], [6, 2], [6, 5], [3, 1], [3, 2], [3, 5], [1, 4], [4, 2], [4, 5]]	Z=0, W=2

644, f=1:6,  2:3,  3:1,  4:5,  5:4,  6:2,  
[[6, 3], [6, 1], [6, 4], [6, 2], [3, 1], [3, 4], [3, 2], [1, 5], [5, 4], [5, 2]]	Z=0, W=2

645, f=1:6,  2:3,  3:1,  4:5,  5:2,  6:4,  
[[6, 3], [6, 1], [6, 2], [6, 4], [3, 1], [3, 2], [3, 4], [1, 5], [5, 2], [5, 4]]	Z=0, W=2

646, f=1:6,  2:3,  3:1,  4:2,  5:5,  6:4,  
[[6, 3], [6, 1], [6, 5], [6, 4], [3, 1], [3, 5], [3, 4], [1, 2], [2, 5], [2, 4]]	Z=0, W=2

647, f=1:6,  2:3,  3:1,  4:2,  5:4,  6:5,  
[[6, 3], [6, 1], [6, 4], [6, 5], [3, 1], [3, 4], [3, 5], [1, 2], [2, 4], [2, 5]]	Z=0, W=2

648, f=1:6,  2:4,  3:3,  4:2,  5:5,  6:1,  
[[6, 4], [6, 3], [6, 5], [6, 1], [4, 3], [4, 5], [4, 1], [3, 2], [2, 5], [2, 1]]	Z=0, W=2

649, f=1:6,  2:4,  3:3,  4:2,  5:1,  6:5,  
[[6, 4], [6, 3], [6, 1], [6, 5], [4, 3], [4, 1], [4, 5], [3, 2], [2, 1], [2, 5]]	Z=0, W=2

650, f=1:6,  2:4,  3:3,  4:5,  5:2,  6:1,  
[[6, 4], [6, 3], [6, 2], [6, 1], [4, 3], [4, 2], [4, 1], [3, 5], [5, 2], [5, 1]]	Z=0, W=2

651, f=1:6,  2:4,  3:3,  4:5,  5:1,  6:2,  
[[6, 4], [6, 3], [6, 1], [6, 2], [4, 3], [4, 1], [4, 2], [3, 5], [5, 1], [5, 2]]	Z=0, W=2

652, f=1:6,  2:4,  3:3,  4:1,  5:5,  6:2,  
[[6, 4], [6, 3], [6, 5], [6, 2], [4, 3], [4, 5], [4, 2], [3, 1], [1, 5], [1, 2]]	Z=0, W=2

653, f=1:6,  2:4,  3:3,  4:1,  5:2,  6:5,  
[[6, 4], [6, 3], [6, 2], [6, 5], [4, 3], [4, 2], [4, 5], [3, 1], [1, 2], [1, 5]]	Z=0, W=2

654, f=1:6,  2:4,  3:2,  4:3,  5:5,  6:1,  
[[6, 4], [6, 2], [6, 5], [6, 1], [4, 2], [4, 5], [4, 1], [2, 3], [3, 5], [3, 1]]	Z=0, W=2

655, f=1:6,  2:4,  3:2,  4:3,  5:1,  6:5,  
[[6, 4], [6, 2], [6, 1], [6, 5], [4, 2], [4, 1], [4, 5], [2, 3], [3, 1], [3, 5]]	Z=0, W=2

656, f=1:6,  2:4,  3:2,  4:5,  5:3,  6:1,  
[[6, 4], [6, 2], [6, 3], [6, 1], [4, 2], [4, 3], [4, 1], [2, 5], [5, 3], [5, 1]]	Z=0, W=2

657, f=1:6,  2:4,  3:2,  4:5,  5:1,  6:3,  
[[6, 4], [6, 2], [6, 1], [6, 3], [4, 2], [4, 1], [4, 3], [2, 5], [5, 1], [5, 3]]	Z=0, W=2

658, f=1:6,  2:4,  3:2,  4:1,  5:5,  6:3,  
[[6, 4], [6, 2], [6, 5], [6, 3], [4, 2], [4, 5], [4, 3], [2, 1], [1, 5], [1, 3]]	Z=0, W=2

659, f=1:6,  2:4,  3:2,  4:1,  5:3,  6:5,  
[[6, 4], [6, 2], [6, 3], [6, 5], [4, 2], [4, 3], [4, 5], [2, 1], [1, 3], [1, 5]]	Z=0, W=2

660, f=1:6,  2:4,  3:5,  4:2,  5:3,  6:1,  
[[6, 4], [6, 5], [6, 3], [6, 1], [4, 5], [4, 3], [4, 1], [5, 2], [2, 3], [2, 1]]	Z=0, W=2

661, f=1:6,  2:4,  3:5,  4:2,  5:1,  6:3,  
[[6, 4], [6, 5], [6, 1], [6, 3], [4, 5], [4, 1], [4, 3], [5, 2], [2, 1], [2, 3]]	Z=0, W=2

662, f=1:6,  2:4,  3:5,  4:3,  5:2,  6:1,  
[[6, 4], [6, 5], [6, 2], [6, 1], [4, 5], [4, 2], [4, 1], [5, 3], [3, 2], [3, 1]]	Z=0, W=2

663, f=1:6,  2:4,  3:5,  4:3,  5:1,  6:2,  
[[6, 4], [6, 5], [6, 1], [6, 2], [4, 5], [4, 1], [4, 2], [5, 3], [3, 1], [3, 2]]	Z=0, W=2

664, f=1:6,  2:4,  3:5,  4:1,  5:3,  6:2,  
[[6, 4], [6, 5], [6, 3], [6, 2], [4, 5], [4, 3], [4, 2], [5, 1], [1, 3], [1, 2]]	Z=0, W=2

665, f=1:6,  2:4,  3:5,  4:1,  5:2,  6:3,  
[[6, 4], [6, 5], [6, 2], [6, 3], [4, 5], [4, 2], [4, 3], [5, 1], [1, 2], [1, 3]]	Z=0, W=2

666, f=1:6,  2:4,  3:1,  4:2,  5:5,  6:3,  
[[6, 4], [6, 1], [6, 5], [6, 3], [4, 1], [4, 5], [4, 3], [1, 2], [2, 5], [2, 3]]	Z=0, W=2

667, f=1:6,  2:4,  3:1,  4:2,  5:3,  6:5,  
[[6, 4], [6, 1], [6, 3], [6, 5], [4, 1], [4, 3], [4, 5], [1, 2], [2, 3], [2, 5]]	Z=0, W=2

668, f=1:6,  2:4,  3:1,  4:5,  5:2,  6:3,  
[[6, 4], [6, 1], [6, 2], [6, 3], [4, 1], [4, 2], [4, 3], [1, 5], [5, 2], [5, 3]]	Z=0, W=2

669, f=1:6,  2:4,  3:1,  4:5,  5:3,  6:2,  
[[6, 4], [6, 1], [6, 3], [6, 2], [4, 1], [4, 3], [4, 2], [1, 5], [5, 3], [5, 2]]	Z=0, W=2

670, f=1:6,  2:4,  3:1,  4:3,  5:5,  6:2,  
[[6, 4], [6, 1], [6, 5], [6, 2], [4, 1], [4, 5], [4, 2], [1, 3], [3, 5], [3, 2]]	Z=0, W=2

671, f=1:6,  2:4,  3:1,  4:3,  5:2,  6:5,  
[[6, 4], [6, 1], [6, 2], [6, 5], [4, 1], [4, 2], [4, 5], [1, 3], [3, 2], [3, 5]]	Z=0, W=2

672, f=1:6,  2:5,  3:3,  4:4,  5:2,  6:1,  
[[6, 5], [6, 3], [6, 2], [6, 1], [5, 3], [5, 2], [5, 1], [3, 4], [4, 2], [4, 1]]	Z=0, W=2

673, f=1:6,  2:5,  3:3,  4:4,  5:1,  6:2,  
[[6, 5], [6, 3], [6, 1], [6, 2], [5, 3], [5, 1], [5, 2], [3, 4], [4, 1], [4, 2]]	Z=0, W=2

674, f=1:6,  2:5,  3:3,  4:2,  5:4,  6:1,  
[[6, 5], [6, 3], [6, 4], [6, 1], [5, 3], [5, 4], [5, 1], [3, 2], [2, 4], [2, 1]]	Z=0, W=2

675, f=1:6,  2:5,  3:3,  4:2,  5:1,  6:4,  
[[6, 5], [6, 3], [6, 1], [6, 4], [5, 3], [5, 1], [5, 4], [3, 2], [2, 1], [2, 4]]	Z=0, W=2

676, f=1:6,  2:5,  3:3,  4:1,  5:2,  6:4,  
[[6, 5], [6, 3], [6, 2], [6, 4], [5, 3], [5, 2], [5, 4], [3, 1], [1, 2], [1, 4]]	Z=0, W=2

677, f=1:6,  2:5,  3:3,  4:1,  5:4,  6:2,  
[[6, 5], [6, 3], [6, 4], [6, 2], [5, 3], [5, 4], [5, 2], [3, 1], [1, 4], [1, 2]]	Z=0, W=2

678, f=1:6,  2:5,  3:4,  4:3,  5:2,  6:1,  
[[6, 5], [6, 4], [6, 2], [6, 1], [5, 4], [5, 2], [5, 1], [4, 3], [3, 2], [3, 1]]	Z=0, W=2

679, f=1:6,  2:5,  3:4,  4:3,  5:1,  6:2,  
[[6, 5], [6, 4], [6, 1], [6, 2], [5, 4], [5, 1], [5, 2], [4, 3], [3, 1], [3, 2]]	Z=0, W=2

680, f=1:6,  2:5,  3:4,  4:2,  5:3,  6:1,  
[[6, 5], [6, 4], [6, 3], [6, 1], [5, 4], [5, 3], [5, 1], [4, 2], [2, 3], [2, 1]]	Z=0, W=2

681, f=1:6,  2:5,  3:4,  4:2,  5:1,  6:3,  
[[6, 5], [6, 4], [6, 1], [6, 3], [5, 4], [5, 1], [5, 3], [4, 2], [2, 1], [2, 3]]	Z=0, W=2

682, f=1:6,  2:5,  3:4,  4:1,  5:2,  6:3,  
[[6, 5], [6, 4], [6, 2], [6, 3], [5, 4], [5, 2], [5, 3], [4, 1], [1, 2], [1, 3]]	Z=0, W=2

683, f=1:6,  2:5,  3:4,  4:1,  5:3,  6:2,  
[[6, 5], [6, 4], [6, 3], [6, 2], [5, 4], [5, 3], [5, 2], [4, 1], [1, 3], [1, 2]]	Z=0, W=2

684, f=1:6,  2:5,  3:2,  4:4,  5:3,  6:1,  
[[6, 5], [6, 2], [6, 3], [6, 1], [5, 2], [5, 3], [5, 1], [2, 4], [4, 3], [4, 1]]	Z=0, W=2

685, f=1:6,  2:5,  3:2,  4:4,  5:1,  6:3,  
[[6, 5], [6, 2], [6, 1], [6, 3], [5, 2], [5, 1], [5, 3], [2, 4], [4, 1], [4, 3]]	Z=0, W=2

686, f=1:6,  2:5,  3:2,  4:3,  5:4,  6:1,  
[[6, 5], [6, 2], [6, 4], [6, 1], [5, 2], [5, 4], [5, 1], [2, 3], [3, 4], [3, 1]]	Z=0, W=2

687, f=1:6,  2:5,  3:2,  4:3,  5:1,  6:4,  
[[6, 5], [6, 2], [6, 1], [6, 4], [5, 2], [5, 1], [5, 4], [2, 3], [3, 1], [3, 4]]	Z=0, W=2

688, f=1:6,  2:5,  3:2,  4:1,  5:3,  6:4,  
[[6, 5], [6, 2], [6, 3], [6, 4], [5, 2], [5, 3], [5, 4], [2, 1], [1, 3], [1, 4]]	Z=0, W=2

689, f=1:6,  2:5,  3:2,  4:1,  5:4,  6:3,  
[[6, 5], [6, 2], [6, 4], [6, 3], [5, 2], [5, 4], [5, 3], [2, 1], [1, 4], [1, 3]]	Z=0, W=2

690, f=1:6,  2:5,  3:1,  4:4,  5:2,  6:3,  
[[6, 5], [6, 1], [6, 2], [6, 3], [5, 1], [5, 2], [5, 3], [1, 4], [4, 2], [4, 3]]	Z=0, W=2

691, f=1:6,  2:5,  3:1,  4:4,  5:3,  6:2,  
[[6, 5], [6, 1], [6, 3], [6, 2], [5, 1], [5, 3], [5, 2], [1, 4], [4, 3], [4, 2]]	Z=0, W=2

692, f=1:6,  2:5,  3:1,  4:2,  5:4,  6:3,  
[[6, 5], [6, 1], [6, 4], [6, 3], [5, 1], [5, 4], [5, 3], [1, 2], [2, 4], [2, 3]]	Z=0, W=2

693, f=1:6,  2:5,  3:1,  4:2,  5:3,  6:4,  
[[6, 5], [6, 1], [6, 3], [6, 4], [5, 1], [5, 3], [5, 4], [1, 2], [2, 3], [2, 4]]	Z=0, W=2

694, f=1:6,  2:5,  3:1,  4:3,  5:2,  6:4,  
[[6, 5], [6, 1], [6, 2], [6, 4], [5, 1], [5, 2], [5, 4], [1, 3], [3, 2], [3, 4]]	Z=0, W=2

695, f=1:6,  2:5,  3:1,  4:3,  5:4,  6:2,  
[[6, 5], [6, 1], [6, 4], [6, 2], [5, 1], [5, 4], [5, 2], [1, 3], [3, 4], [3, 2]]	Z=0, W=2

696, f=1:6,  2:1,  3:3,  4:4,  5:5,  6:2,  
[[6, 1], [6, 3], [6, 5], [6, 2], [1, 3], [1, 5], [1, 2], [3, 4], [4, 5], [4, 2]]	Z=0, W=2

697, f=1:6,  2:1,  3:3,  4:4,  5:2,  6:5,  
[[6, 1], [6, 3], [6, 2], [6, 5], [1, 3], [1, 2], [1, 5], [3, 4], [4, 2], [4, 5]]	Z=0, W=2

698, f=1:6,  2:1,  3:3,  4:5,  5:4,  6:2,  
[[6, 1], [6, 3], [6, 4], [6, 2], [1, 3], [1, 4], [1, 2], [3, 5], [5, 4], [5, 2]]	Z=0, W=2

699, f=1:6,  2:1,  3:3,  4:5,  5:2,  6:4,  
[[6, 1], [6, 3], [6, 2], [6, 4], [1, 3], [1, 2], [1, 4], [3, 5], [5, 2], [5, 4]]	Z=0, W=2

700, f=1:6,  2:1,  3:3,  4:2,  5:5,  6:4,  
[[6, 1], [6, 3], [6, 5], [6, 4], [1, 3], [1, 5], [1, 4], [3, 2], [2, 5], [2, 4]]	Z=0, W=2

701, f=1:6,  2:1,  3:3,  4:2,  5:4,  6:5,  
[[6, 1], [6, 3], [6, 4], [6, 5], [1, 3], [1, 4], [1, 5], [3, 2], [2, 4], [2, 5]]	Z=0, W=2

702, f=1:6,  2:1,  3:4,  4:3,  5:5,  6:2,  
[[6, 1], [6, 4], [6, 5], [6, 2], [1, 4], [1, 5], [1, 2], [4, 3], [3, 5], [3, 2]]	Z=0, W=2

703, f=1:6,  2:1,  3:4,  4:3,  5:2,  6:5,  
[[6, 1], [6, 4], [6, 2], [6, 5], [1, 4], [1, 2], [1, 5], [4, 3], [3, 2], [3, 5]]	Z=0, W=2

704, f=1:6,  2:1,  3:4,  4:5,  5:3,  6:2,  
[[6, 1], [6, 4], [6, 3], [6, 2], [1, 4], [1, 3], [1, 2], [4, 5], [5, 3], [5, 2]]	Z=0, W=2

705, f=1:6,  2:1,  3:4,  4:5,  5:2,  6:3,  
[[6, 1], [6, 4], [6, 2], [6, 3], [1, 4], [1, 2], [1, 3], [4, 5], [5, 2], [5, 3]]	Z=0, W=2

706, f=1:6,  2:1,  3:4,  4:2,  5:5,  6:3,  
[[6, 1], [6, 4], [6, 5], [6, 3], [1, 4], [1, 5], [1, 3], [4, 2], [2, 5], [2, 3]]	Z=0, W=2

707, f=1:6,  2:1,  3:4,  4:2,  5:3,  6:5,  
[[6, 1], [6, 4], [6, 3], [6, 5], [1, 4], [1, 3], [1, 5], [4, 2], [2, 3], [2, 5]]	Z=0, W=2

708, f=1:6,  2:1,  3:5,  4:4,  5:3,  6:2,  
[[6, 1], [6, 5], [6, 3], [6, 2], [1, 5], [1, 3], [1, 2], [5, 4], [4, 3], [4, 2]]	Z=0, W=2

709, f=1:6,  2:1,  3:5,  4:4,  5:2,  6:3,  
[[6, 1], [6, 5], [6, 2], [6, 3], [1, 5], [1, 2], [1, 3], [5, 4], [4, 2], [4, 3]]	Z=0, W=2

710, f=1:6,  2:1,  3:5,  4:3,  5:4,  6:2,  
[[6, 1], [6, 5], [6, 4], [6, 2], [1, 5], [1, 4], [1, 2], [5, 3], [3, 4], [3, 2]]	Z=0, W=2

711, f=1:6,  2:1,  3:5,  4:3,  5:2,  6:4,  
[[6, 1], [6, 5], [6, 2], [6, 4], [1, 5], [1, 2], [1, 4], [5, 3], [3, 2], [3, 4]]	Z=0, W=2

712, f=1:6,  2:1,  3:5,  4:2,  5:3,  6:4,  
[[6, 1], [6, 5], [6, 3], [6, 4], [1, 5], [1, 3], [1, 4], [5, 2], [2, 3], [2, 4]]	Z=0, W=2

713, f=1:6,  2:1,  3:5,  4:2,  5:4,  6:3,  
[[6, 1], [6, 5], [6, 4], [6, 3], [1, 5], [1, 4], [1, 3], [5, 2], [2, 4], [2, 3]]	Z=0, W=2

714, f=1:6,  2:1,  3:2,  4:4,  5:5,  6:3,  
[[6, 1], [6, 2], [6, 5], [6, 3], [1, 2], [1, 5], [1, 3], [2, 4], [4, 5], [4, 3]]	Z=0, W=2

715, f=1:6,  2:1,  3:2,  4:4,  5:3,  6:5,  
[[6, 1], [6, 2], [6, 3], [6, 5], [1, 2], [1, 3], [1, 5], [2, 4], [4, 3], [4, 5]]	Z=0, W=2

716, f=1:6,  2:1,  3:2,  4:5,  5:4,  6:3,  
[[6, 1], [6, 2], [6, 4], [6, 3], [1, 2], [1, 4], [1, 3], [2, 5], [5, 4], [5, 3]]	Z=0, W=2

717, f=1:6,  2:1,  3:2,  4:5,  5:3,  6:4,  
[[6, 1], [6, 2], [6, 3], [6, 4], [1, 2], [1, 3], [1, 4], [2, 5], [5, 3], [5, 4]]	Z=0, W=2

718, f=1:6,  2:1,  3:2,  4:3,  5:5,  6:4,  
[[6, 1], [6, 2], [6, 5], [6, 4], [1, 2], [1, 5], [1, 4], [2, 3], [3, 5], [3, 4]]	Z=0, W=2

719, f=1:6,  2:1,  3:2,  4:3,  5:4,  6:5,  
[[6, 1], [6, 2], [6, 4], [6, 5], [1, 2], [1, 4], [1, 5], [2, 3], [3, 4], [3, 5]]	Z=0, W=2