DN(0):[[1, 2], [1, 3], [1, 4], [1, 5], [2, 3], [2, 4], [2, 5], [3, 4], [3, 5]]

0, f=1:1,  2:2,  3:3,  4:4,  5:5,  
[[1, 2], [1, 3], [1, 4], [1, 5], [2, 3], [2, 4], [2, 5], [3, 4], [3, 5]]	Z=1.0, W=2.0

1, f=1:1,  2:2,  3:3,  4:5,  5:4,  
[[1, 2], [1, 3], [1, 4], [1, 5], [2, 3], [2, 4], [2, 5], [3, 4], [3, 5]]	Z=-0.9999999999999998, W=2.220446049250313e-16

2, f=1:1,  2:2,  3:4,  4:3,  5:5,  
[[1, 2], [1, 3], [1, 4], [1, 5], [2, 3], [2, 4], [2, 5], [3, 4], [4, 5]]	Z=3990.62677484787, W=3991.954643700329

3, f=1:1,  2:2,  3:4,  4:5,  5:3,  
[[1, 2], [1, 3], [1, 4], [1, 5], [2, 3], [2, 4], [2, 5], [3, 4], [4, 5]]	Z=-3990.626774847871, W=3989.95464370033

4, f=1:1,  2:2,  3:5,  4:4,  5:3,  
[[1, 2], [1, 3], [1, 4], [1, 5], [2, 3], [2, 4], [2, 5], [3, 5], [4, 5]]	Z=-4152.672453174965, W=4152.00469001707

5, f=1:1,  2:2,  3:5,  4:3,  5:4,  
[[1, 2], [1, 3], [1, 4], [1, 5], [2, 3], [2, 4], [2, 5], [3, 5], [4, 5]]	Z=4152.672453174967, W=4154.004690017072

6, f=1:1,  2:3,  3:2,  4:4,  5:5,  
[[1, 2], [1, 3], [1, 4], [1, 5], [2, 3], [2, 4], [2, 5], [3, 4], [3, 5]]	Z=-0.9999999999999999, W=1.1102230246251565e-16

7, f=1:1,  2:3,  3:2,  4:5,  5:4,  
[[1, 2], [1, 3], [1, 4], [1, 5], [2, 3], [2, 4], [2, 5], [3, 4], [3, 5]]	Z=0.9999999999999999, W=2.0

8, f=1:1,  2:3,  3:4,  4:2,  5:5,  
[[1, 2], [1, 3], [1, 4], [1, 5], [2, 3], [2, 4], [3, 4], [3, 5], [4, 5]]	Z=-1612806.1168682827, W=1612806.0924780387

9, f=1:1,  2:3,  3:4,  4:5,  5:2,  
[[1, 2], [1, 3], [1, 4], [1, 5], [2, 3], [2, 4], [3, 4], [3, 5], [4, 5]]	Z=1612806.1168682827, W=1612808.0924780387

10, f=1:1,  2:3,  3:5,  4:4,  5:2,  
[[1, 2], [1, 3], [1, 4], [1, 5], [2, 3], [2, 5], [3, 4], [3, 5], [4, 5]]	Z=3273120.142602495, W=3273122.1278966125

11, f=1:1,  2:3,  3:5,  4:2,  5:4,  
[[1, 2], [1, 3], [1, 4], [1, 5], [2, 3], [2, 5], [3, 4], [3, 5], [4, 5]]	Z=-3273120.1426024954, W=3273120.127896613

12, f=1:1,  2:4,  3:3,  4:2,  5:5,  
[[1, 2], [1, 3], [1, 4], [1, 5], [2, 3], [2, 4], [3, 4], [3, 5], [4, 5]]	Z=1612806.116868283, W=1612808.092478039

13, f=1:1,  2:4,  3:3,  4:5,  5:2,  
[[1, 2], [1, 3], [1, 4], [1, 5], [2, 3], [2, 4], [3, 4], [3, 5], [4, 5]]	Z=-1612806.1168682831, W=1612806.0924780392

14, f=1:1,  2:4,  3:2,  4:3,  5:5,  
[[1, 2], [1, 3], [1, 4], [1, 5], [2, 3], [2, 4], [2, 5], [3, 4], [4, 5]]	Z=-3990.62677484787, W=3989.954643700329

15, f=1:1,  2:4,  3:2,  4:5,  5:3,  
[[1, 2], [1, 3], [1, 4], [1, 5], [2, 3], [2, 4], [2, 5], [3, 4], [4, 5]]	Z=3990.6267748478713, W=3991.9546437003305

16, f=1:1,  2:4,  3:5,  4:2,  5:3,  
[[1, 2], [1, 3], [1, 4], [1, 5], [2, 4], [2, 5], [3, 4], [3, 5], [4, 5]]	Z=-1661692.1313980136, W=1661692.1264719053

17, f=1:1,  2:4,  3:5,  4:3,  5:2,  
[[1, 2], [1, 3], [1, 4], [1, 5], [2, 4], [2, 5], [3, 4], [3, 5], [4, 5]]	Z=1661692.1313980136, W=1661694.1264719053

18, f=1:1,  2:5,  3:3,  4:4,  5:2,  
[[1, 2], [1, 3], [1, 4], [1, 5], [2, 3], [2, 5], [3, 4], [3, 5], [4, 5]]	Z=-3273120.142602496, W=3273120.1278966134

19, f=1:1,  2:5,  3:3,  4:2,  5:4,  
[[1, 2], [1, 3], [1, 4], [1, 5], [2, 3], [2, 5], [3, 4], [3, 5], [4, 5]]	Z=3273120.1426024954, W=3273122.127896613

20, f=1:1,  2:5,  3:4,  4:3,  5:2,  
[[1, 2], [1, 3], [1, 4], [1, 5], [2, 4], [2, 5], [3, 4], [3, 5], [4, 5]]	Z=-1661692.131398014, W=1661692.1264719057

21, f=1:1,  2:5,  3:4,  4:2,  5:3,  
[[1, 2], [1, 3], [1, 4], [1, 5], [2, 4], [2, 5], [3, 4], [3, 5], [4, 5]]	Z=1661692.1313980136, W=1661694.1264719053

22, f=1:1,  2:5,  3:2,  4:4,  5:3,  
[[1, 2], [1, 3], [1, 4], [1, 5], [2, 3], [2, 4], [2, 5], [3, 5], [4, 5]]	Z=4152.672453174965, W=4154.00469001707

23, f=1:1,  2:5,  3:2,  4:3,  5:4,  
[[1, 2], [1, 3], [1, 4], [1, 5], [2, 3], [2, 4], [2, 5], [3, 5], [4, 5]]	Z=-4152.672453174967, W=4152.004690017072

24, f=1:2,  2:1,  3:3,  4:4,  5:5,  
[[1, 2], [1, 3], [1, 4], [1, 5], [2, 3], [2, 4], [2, 5], [3, 4], [3, 5]]	Z=-1.0000000000000002, W=2.220446049250313e-16

25, f=1:2,  2:1,  3:3,  4:5,  5:4,  
[[1, 2], [1, 3], [1, 4], [1, 5], [2, 3], [2, 4], [2, 5], [3, 4], [3, 5]]	Z=0.9999999999999999, W=2.0

26, f=1:2,  2:1,  3:4,  4:3,  5:5,  
[[1, 2], [1, 3], [1, 4], [1, 5], [2, 3], [2, 4], [2, 5], [3, 4], [4, 5]]	Z=-3990.62677484787, W=3989.954643700329

27, f=1:2,  2:1,  3:4,  4:5,  5:3,  
[[1, 2], [1, 3], [1, 4], [1, 5], [2, 3], [2, 4], [2, 5], [3, 4], [4, 5]]	Z=3990.626774847871, W=3991.95464370033

28, f=1:2,  2:1,  3:5,  4:4,  5:3,  
[[1, 2], [1, 3], [1, 4], [1, 5], [2, 3], [2, 4], [2, 5], [3, 5], [4, 5]]	Z=4152.672453174965, W=4154.00469001707

29, f=1:2,  2:1,  3:5,  4:3,  5:4,  
[[1, 2], [1, 3], [1, 4], [1, 5], [2, 3], [2, 4], [2, 5], [3, 5], [4, 5]]	Z=-4152.672453174966, W=4152.004690017071

30, f=1:2,  2:3,  3:1,  4:4,  5:5,  
[[1, 2], [1, 3], [1, 4], [1, 5], [2, 3], [2, 4], [2, 5], [3, 4], [3, 5]]	Z=1.0000000000000002, W=2.0

31, f=1:2,  2:3,  3:1,  4:5,  5:4,  
[[1, 2], [1, 3], [1, 4], [1, 5], [2, 3], [2, 4], [2, 5], [3, 4], [3, 5]]	Z=-0.9999999999999999, W=1.1102230246251565e-16

32, f=1:2,  2:3,  3:4,  4:1,  5:5,  
[[1, 2], [1, 3], [1, 4], [2, 3], [2, 4], [2, 5], [3, 4], [3, 5], [4, 5]]	Z=-9750329.011529507, W=9750330.868672363

33, f=1:2,  2:3,  3:4,  4:5,  5:1,  
[[1, 2], [1, 3], [1, 4], [2, 3], [2, 4], [2, 5], [3, 4], [3, 5], [4, 5]]	Z=9750329.011529507, W=9750332.868672363

34, f=1:2,  2:3,  3:5,  4:4,  5:1,  
[[1, 2], [1, 3], [1, 5], [2, 3], [2, 4], [2, 5], [3, 4], [3, 5], [4, 5]]	Z=28006381.81818182, W=28006385.71241259

35, f=1:2,  2:3,  3:5,  4:1,  5:4,  
[[1, 2], [1, 3], [1, 5], [2, 3], [2, 4], [2, 5], [3, 4], [3, 5], [4, 5]]	Z=-28006381.81818182, W=28006383.71241259

36, f=1:2,  2:4,  3:3,  4:1,  5:5,  
[[1, 2], [1, 3], [1, 4], [2, 3], [2, 4], [2, 5], [3, 4], [3, 5], [4, 5]]	Z=9750329.011529509, W=9750332.868672365

37, f=1:2,  2:4,  3:3,  4:5,  5:1,  
[[1, 2], [1, 3], [1, 4], [2, 3], [2, 4], [2, 5], [3, 4], [3, 5], [4, 5]]	Z=-9750329.011529509, W=9750330.868672365

38, f=1:2,  2:4,  3:1,  4:3,  5:5,  
[[1, 2], [1, 3], [1, 4], [1, 5], [2, 3], [2, 4], [2, 5], [3, 4], [4, 5]]	Z=3990.6267748478713, W=3991.9546437003305

39, f=1:2,  2:4,  3:1,  4:5,  5:3,  
[[1, 2], [1, 3], [1, 4], [1, 5], [2, 3], [2, 4], [2, 5], [3, 4], [4, 5]]	Z=-3990.62677484787, W=3989.954643700329

40, f=1:2,  2:4,  3:5,  4:1,  5:3,  
[[1, 2], [1, 4], [1, 5], [2, 3], [2, 4], [2, 5], [3, 4], [3, 5], [4, 5]]	Z=-26824411.764705896, W=26824413.696744733

41, f=1:2,  2:4,  3:5,  4:3,  5:1,  
[[1, 2], [1, 4], [1, 5], [2, 3], [2, 4], [2, 5], [3, 4], [3, 5], [4, 5]]	Z=26824411.764705893, W=26824415.69674473

42, f=1:2,  2:5,  3:3,  4:4,  5:1,  
[[1, 2], [1, 3], [1, 5], [2, 3], [2, 4], [2, 5], [3, 4], [3, 5], [4, 5]]	Z=-28006381.81818182, W=28006383.71241259

43, f=1:2,  2:5,  3:3,  4:1,  5:4,  
[[1, 2], [1, 3], [1, 5], [2, 3], [2, 4], [2, 5], [3, 4], [3, 5], [4, 5]]	Z=28006381.818181813, W=28006385.71241258

44, f=1:2,  2:5,  3:4,  4:3,  5:1,  
[[1, 2], [1, 4], [1, 5], [2, 3], [2, 4], [2, 5], [3, 4], [3, 5], [4, 5]]	Z=-26824411.764705893, W=26824413.69674473

45, f=1:2,  2:5,  3:4,  4:1,  5:3,  
[[1, 2], [1, 4], [1, 5], [2, 3], [2, 4], [2, 5], [3, 4], [3, 5], [4, 5]]	Z=26824411.764705893, W=26824415.69674473

46, f=1:2,  2:5,  3:1,  4:4,  5:3,  
[[1, 2], [1, 3], [1, 4], [1, 5], [2, 3], [2, 4], [2, 5], [3, 5], [4, 5]]	Z=-4152.672453174966, W=4152.004690017071

47, f=1:2,  2:5,  3:1,  4:3,  5:4,  
[[1, 2], [1, 3], [1, 4], [1, 5], [2, 3], [2, 4], [2, 5], [3, 5], [4, 5]]	Z=4152.672453174966, W=4154.004690017071

48, f=1:3,  2:2,  3:1,  4:4,  5:5,  
[[1, 2], [1, 3], [1, 4], [1, 5], [2, 3], [2, 4], [2, 5], [3, 4], [3, 5]]	Z=-0.9999999999999999, W=1.1102230246251565e-16

49, f=1:3,  2:2,  3:1,  4:5,  5:4,  
[[1, 2], [1, 3], [1, 4], [1, 5], [2, 3], [2, 4], [2, 5], [3, 4], [3, 5]]	Z=1.0, W=2.0

50, f=1:3,  2:2,  3:4,  4:1,  5:5,  
[[1, 2], [1, 3], [1, 4], [2, 3], [2, 4], [2, 5], [3, 4], [3, 5], [4, 5]]	Z=9750329.011529505, W=9750332.868672362

51, f=1:3,  2:2,  3:4,  4:5,  5:1,  
[[1, 2], [1, 3], [1, 4], [2, 3], [2, 4], [2, 5], [3, 4], [3, 5], [4, 5]]	Z=-9750329.011529507, W=9750330.868672363

52, f=1:3,  2:2,  3:5,  4:4,  5:1,  
[[1, 2], [1, 3], [1, 5], [2, 3], [2, 4], [2, 5], [3, 4], [3, 5], [4, 5]]	Z=-28006381.81818182, W=28006383.71241259

53, f=1:3,  2:2,  3:5,  4:1,  5:4,  
[[1, 2], [1, 3], [1, 5], [2, 3], [2, 4], [2, 5], [3, 4], [3, 5], [4, 5]]	Z=28006381.818181816, W=28006385.712412585

54, f=1:3,  2:1,  3:2,  4:4,  5:5,  
[[1, 2], [1, 3], [1, 4], [1, 5], [2, 3], [2, 4], [2, 5], [3, 4], [3, 5]]	Z=1.0, W=2.0

55, f=1:3,  2:1,  3:2,  4:5,  5:4,  
[[1, 2], [1, 3], [1, 4], [1, 5], [2, 3], [2, 4], [2, 5], [3, 4], [3, 5]]	Z=-0.9999999999999999, W=1.1102230246251565e-16

56, f=1:3,  2:1,  3:4,  4:2,  5:5,  
[[1, 2], [1, 3], [1, 4], [1, 5], [2, 3], [2, 4], [3, 4], [3, 5], [4, 5]]	Z=1612806.1168682827, W=1612808.0924780387

57, f=1:3,  2:1,  3:4,  4:5,  5:2,  
[[1, 2], [1, 3], [1, 4], [1, 5], [2, 3], [2, 4], [3, 4], [3, 5], [4, 5]]	Z=-1612806.1168682827, W=1612806.0924780387

58, f=1:3,  2:1,  3:5,  4:4,  5:2,  
[[1, 2], [1, 3], [1, 4], [1, 5], [2, 3], [2, 5], [3, 4], [3, 5], [4, 5]]	Z=-3273120.142602495, W=3273120.1278966125

59, f=1:3,  2:1,  3:5,  4:2,  5:4,  
[[1, 2], [1, 3], [1, 4], [1, 5], [2, 3], [2, 5], [3, 4], [3, 5], [4, 5]]	Z=3273120.1426024954, W=3273122.127896613

60, f=1:3,  2:4,  3:1,  4:2,  5:5,  
[[1, 2], [1, 3], [1, 4], [1, 5], [2, 3], [2, 4], [3, 4], [3, 5], [4, 5]]	Z=-1612806.116868283, W=1612806.092478039

61, f=1:3,  2:4,  3:1,  4:5,  5:2,  
[[1, 2], [1, 3], [1, 4], [1, 5], [2, 3], [2, 4], [3, 4], [3, 5], [4, 5]]	Z=1612806.116868283, W=1612808.092478039

62, f=1:3,  2:4,  3:2,  4:1,  5:5,  
[[1, 2], [1, 3], [1, 4], [2, 3], [2, 4], [2, 5], [3, 4], [3, 5], [4, 5]]	Z=-9750329.011529507, W=9750330.868672363

63, f=1:3,  2:4,  3:2,  4:5,  5:1,  
[[1, 2], [1, 3], [1, 4], [2, 3], [2, 4], [2, 5], [3, 4], [3, 5], [4, 5]]	Z=9750329.011529507, W=9750332.868672363

64, f=1:3,  2:4,  3:5,  4:2,  5:1,  
[[1, 3], [1, 4], [1, 5], [2, 3], [2, 4], [2, 5], [3, 4], [3, 5], [4, 5]]	Z=8567143.898068098, W=8567147.868656334

65, f=1:3,  2:4,  3:5,  4:1,  5:2,  
[[1, 3], [1, 4], [1, 5], [2, 3], [2, 4], [2, 5], [3, 4], [3, 5], [4, 5]]	Z=-8567143.898068098, W=8567145.868656334

66, f=1:3,  2:5,  3:1,  4:4,  5:2,  
[[1, 2], [1, 3], [1, 4], [1, 5], [2, 3], [2, 5], [3, 4], [3, 5], [4, 5]]	Z=3273120.1426024954, W=3273122.127896613

67, f=1:3,  2:5,  3:1,  4:2,  5:4,  
[[1, 2], [1, 3], [1, 4], [1, 5], [2, 3], [2, 5], [3, 4], [3, 5], [4, 5]]	Z=-3273120.1426024954, W=3273120.127896613

68, f=1:3,  2:5,  3:4,  4:1,  5:2,  
[[1, 3], [1, 4], [1, 5], [2, 3], [2, 4], [2, 5], [3, 4], [3, 5], [4, 5]]	Z=8567143.898068095, W=8567147.86865633

69, f=1:3,  2:5,  3:4,  4:2,  5:1,  
[[1, 3], [1, 4], [1, 5], [2, 3], [2, 4], [2, 5], [3, 4], [3, 5], [4, 5]]	Z=-8567143.898068098, W=8567145.868656334

70, f=1:3,  2:5,  3:2,  4:4,  5:1,  
[[1, 2], [1, 3], [1, 5], [2, 3], [2, 4], [2, 5], [3, 4], [3, 5], [4, 5]]	Z=28006381.818181813, W=28006385.71241258

71, f=1:3,  2:5,  3:2,  4:1,  5:4,  
[[1, 2], [1, 3], [1, 5], [2, 3], [2, 4], [2, 5], [3, 4], [3, 5], [4, 5]]	Z=-28006381.81818182, W=28006383.71241259

72, f=1:4,  2:2,  3:3,  4:1,  5:5,  
[[1, 2], [1, 3], [1, 4], [2, 3], [2, 4], [2, 5], [3, 4], [3, 5], [4, 5]]	Z=-9750329.011529509, W=9750330.868672365

73, f=1:4,  2:2,  3:3,  4:5,  5:1,  
[[1, 2], [1, 3], [1, 4], [2, 3], [2, 4], [2, 5], [3, 4], [3, 5], [4, 5]]	Z=9750329.011529509, W=9750332.868672365

74, f=1:4,  2:2,  3:1,  4:3,  5:5,  
[[1, 2], [1, 3], [1, 4], [1, 5], [2, 3], [2, 4], [2, 5], [3, 4], [4, 5]]	Z=-3990.6267748478695, W=3989.9546437003287

75, f=1:4,  2:2,  3:1,  4:5,  5:3,  
[[1, 2], [1, 3], [1, 4], [1, 5], [2, 3], [2, 4], [2, 5], [3, 4], [4, 5]]	Z=3990.62677484787, W=3991.954643700329

76, f=1:4,  2:2,  3:5,  4:1,  5:3,  
[[1, 2], [1, 4], [1, 5], [2, 3], [2, 4], [2, 5], [3, 4], [3, 5], [4, 5]]	Z=26824411.764705885, W=26824415.69674472

77, f=1:4,  2:2,  3:5,  4:3,  5:1,  
[[1, 2], [1, 4], [1, 5], [2, 3], [2, 4], [2, 5], [3, 4], [3, 5], [4, 5]]	Z=-26824411.76470588, W=26824413.696744718

78, f=1:4,  2:3,  3:2,  4:1,  5:5,  
[[1, 2], [1, 3], [1, 4], [2, 3], [2, 4], [2, 5], [3, 4], [3, 5], [4, 5]]	Z=9750329.01152951, W=9750332.868672367

79, f=1:4,  2:3,  3:2,  4:5,  5:1,  
[[1, 2], [1, 3], [1, 4], [2, 3], [2, 4], [2, 5], [3, 4], [3, 5], [4, 5]]	Z=-9750329.01152951, W=9750330.868672367

80, f=1:4,  2:3,  3:1,  4:2,  5:5,  
[[1, 2], [1, 3], [1, 4], [1, 5], [2, 3], [2, 4], [3, 4], [3, 5], [4, 5]]	Z=1612806.1168682831, W=1612808.0924780392

81, f=1:4,  2:3,  3:1,  4:5,  5:2,  
[[1, 2], [1, 3], [1, 4], [1, 5], [2, 3], [2, 4], [3, 4], [3, 5], [4, 5]]	Z=-1612806.1168682831, W=1612806.0924780392

82, f=1:4,  2:3,  3:5,  4:1,  5:2,  
[[1, 3], [1, 4], [1, 5], [2, 3], [2, 4], [2, 5], [3, 4], [3, 5], [4, 5]]	Z=8567143.898068098, W=8567147.868656334

83, f=1:4,  2:3,  3:5,  4:2,  5:1,  
[[1, 3], [1, 4], [1, 5], [2, 3], [2, 4], [2, 5], [3, 4], [3, 5], [4, 5]]	Z=-8567143.898068098, W=8567145.868656334

84, f=1:4,  2:1,  3:3,  4:2,  5:5,  
[[1, 2], [1, 3], [1, 4], [1, 5], [2, 3], [2, 4], [3, 4], [3, 5], [4, 5]]	Z=-1612806.1168682834, W=1612806.0924780394

85, f=1:4,  2:1,  3:3,  4:5,  5:2,  
[[1, 2], [1, 3], [1, 4], [1, 5], [2, 3], [2, 4], [3, 4], [3, 5], [4, 5]]	Z=1612806.1168682831, W=1612808.0924780392

86, f=1:4,  2:1,  3:2,  4:3,  5:5,  
[[1, 2], [1, 3], [1, 4], [1, 5], [2, 3], [2, 4], [2, 5], [3, 4], [4, 5]]	Z=3990.62677484787, W=3991.954643700329

87, f=1:4,  2:1,  3:2,  4:5,  5:3,  
[[1, 2], [1, 3], [1, 4], [1, 5], [2, 3], [2, 4], [2, 5], [3, 4], [4, 5]]	Z=-3990.6267748478695, W=3989.9546437003287

88, f=1:4,  2:1,  3:5,  4:2,  5:3,  
[[1, 2], [1, 3], [1, 4], [1, 5], [2, 4], [2, 5], [3, 4], [3, 5], [4, 5]]	Z=1661692.1313980133, W=1661694.126471905

89, f=1:4,  2:1,  3:5,  4:3,  5:2,  
[[1, 2], [1, 3], [1, 4], [1, 5], [2, 4], [2, 5], [3, 4], [3, 5], [4, 5]]	Z=-1661692.1313980136, W=1661692.1264719053

90, f=1:4,  2:5,  3:3,  4:1,  5:2,  
[[1, 3], [1, 4], [1, 5], [2, 3], [2, 4], [2, 5], [3, 4], [3, 5], [4, 5]]	Z=-8567143.898068098, W=8567145.868656334

91, f=1:4,  2:5,  3:3,  4:2,  5:1,  
[[1, 3], [1, 4], [1, 5], [2, 3], [2, 4], [2, 5], [3, 4], [3, 5], [4, 5]]	Z=8567143.898068098, W=8567147.868656334

92, f=1:4,  2:5,  3:1,  4:3,  5:2,  
[[1, 2], [1, 3], [1, 4], [1, 5], [2, 4], [2, 5], [3, 4], [3, 5], [4, 5]]	Z=1661692.1313980138, W=1661694.1264719055

93, f=1:4,  2:5,  3:1,  4:2,  5:3,  
[[1, 2], [1, 3], [1, 4], [1, 5], [2, 4], [2, 5], [3, 4], [3, 5], [4, 5]]	Z=-1661692.1313980138, W=1661692.1264719055

94, f=1:4,  2:5,  3:2,  4:1,  5:3,  
[[1, 2], [1, 4], [1, 5], [2, 3], [2, 4], [2, 5], [3, 4], [3, 5], [4, 5]]	Z=-26824411.764705878, W=26824413.696744714

95, f=1:4,  2:5,  3:2,  4:3,  5:1,  
[[1, 2], [1, 4], [1, 5], [2, 3], [2, 4], [2, 5], [3, 4], [3, 5], [4, 5]]	Z=26824411.764705878, W=26824415.696744714

96, f=1:5,  2:2,  3:3,  4:4,  5:1,  
[[1, 2], [1, 3], [1, 5], [2, 3], [2, 4], [2, 5], [3, 4], [3, 5], [4, 5]]	Z=28006381.818181813, W=28006385.71241258

97, f=1:5,  2:2,  3:3,  4:1,  5:4,  
[[1, 2], [1, 3], [1, 5], [2, 3], [2, 4], [2, 5], [3, 4], [3, 5], [4, 5]]	Z=-28006381.818181813, W=28006383.71241258

98, f=1:5,  2:2,  3:4,  4:3,  5:1,  
[[1, 2], [1, 4], [1, 5], [2, 3], [2, 4], [2, 5], [3, 4], [3, 5], [4, 5]]	Z=26824411.764705867, W=26824415.696744703

99, f=1:5,  2:2,  3:4,  4:1,  5:3,  
[[1, 2], [1, 4], [1, 5], [2, 3], [2, 4], [2, 5], [3, 4], [3, 5], [4, 5]]	Z=-26824411.764705885, W=26824413.69674472

100, f=1:5,  2:2,  3:1,  4:4,  5:3,  
[[1, 2], [1, 3], [1, 4], [1, 5], [2, 3], [2, 4], [2, 5], [3, 5], [4, 5]]	Z=4152.672453174965, W=4154.00469001707

101, f=1:5,  2:2,  3:1,  4:3,  5:4,  
[[1, 2], [1, 3], [1, 4], [1, 5], [2, 3], [2, 4], [2, 5], [3, 5], [4, 5]]	Z=-4152.672453174965, W=4152.00469001707

102, f=1:5,  2:3,  3:2,  4:4,  5:1,  
[[1, 2], [1, 3], [1, 5], [2, 3], [2, 4], [2, 5], [3, 4], [3, 5], [4, 5]]	Z=-28006381.818181813, W=28006383.71241258

103, f=1:5,  2:3,  3:2,  4:1,  5:4,  
[[1, 2], [1, 3], [1, 5], [2, 3], [2, 4], [2, 5], [3, 4], [3, 5], [4, 5]]	Z=28006381.81818181, W=28006385.712412577

104, f=1:5,  2:3,  3:4,  4:2,  5:1,  
[[1, 3], [1, 4], [1, 5], [2, 3], [2, 4], [2, 5], [3, 4], [3, 5], [4, 5]]	Z=8567143.898068095, W=8567147.86865633

105, f=1:5,  2:3,  3:4,  4:1,  5:2,  
[[1, 3], [1, 4], [1, 5], [2, 3], [2, 4], [2, 5], [3, 4], [3, 5], [4, 5]]	Z=-8567143.898068096, W=8567145.868656332

106, f=1:5,  2:3,  3:1,  4:4,  5:2,  
[[1, 2], [1, 3], [1, 4], [1, 5], [2, 3], [2, 5], [3, 4], [3, 5], [4, 5]]	Z=-3273120.1426024954, W=3273120.127896613

107, f=1:5,  2:3,  3:1,  4:2,  5:4,  
[[1, 2], [1, 3], [1, 4], [1, 5], [2, 3], [2, 5], [3, 4], [3, 5], [4, 5]]	Z=3273120.142602495, W=3273122.1278966125

108, f=1:5,  2:4,  3:3,  4:2,  5:1,  
[[1, 3], [1, 4], [1, 5], [2, 3], [2, 4], [2, 5], [3, 4], [3, 5], [4, 5]]	Z=-8567143.898068096, W=8567145.868656332

109, f=1:5,  2:4,  3:3,  4:1,  5:2,  
[[1, 3], [1, 4], [1, 5], [2, 3], [2, 4], [2, 5], [3, 4], [3, 5], [4, 5]]	Z=8567143.898068095, W=8567147.86865633

110, f=1:5,  2:4,  3:2,  4:3,  5:1,  
[[1, 2], [1, 4], [1, 5], [2, 3], [2, 4], [2, 5], [3, 4], [3, 5], [4, 5]]	Z=-26824411.76470588, W=26824413.696744718

111, f=1:5,  2:4,  3:2,  4:1,  5:3,  
[[1, 2], [1, 4], [1, 5], [2, 3], [2, 4], [2, 5], [3, 4], [3, 5], [4, 5]]	Z=26824411.76470589, W=26824415.696744725

112, f=1:5,  2:4,  3:1,  4:2,  5:3,  
[[1, 2], [1, 3], [1, 4], [1, 5], [2, 4], [2, 5], [3, 4], [3, 5], [4, 5]]	Z=1661692.1313980145, W=1661694.1264719062

113, f=1:5,  2:4,  3:1,  4:3,  5:2,  
[[1, 2], [1, 3], [1, 4], [1, 5], [2, 4], [2, 5], [3, 4], [3, 5], [4, 5]]	Z=-1661692.1313980143, W=1661692.126471906

114, f=1:5,  2:1,  3:3,  4:4,  5:2,  
[[1, 2], [1, 3], [1, 4], [1, 5], [2, 3], [2, 5], [3, 4], [3, 5], [4, 5]]	Z=3273120.142602496, W=3273122.1278966134

115, f=1:5,  2:1,  3:3,  4:2,  5:4,  
[[1, 2], [1, 3], [1, 4], [1, 5], [2, 3], [2, 5], [3, 4], [3, 5], [4, 5]]	Z=-3273120.142602496, W=3273120.1278966134

116, f=1:5,  2:1,  3:4,  4:3,  5:2,  
[[1, 2], [1, 3], [1, 4], [1, 5], [2, 4], [2, 5], [3, 4], [3, 5], [4, 5]]	Z=1661692.1313980136, W=1661694.1264719053

117, f=1:5,  2:1,  3:4,  4:2,  5:3,  
[[1, 2], [1, 3], [1, 4], [1, 5], [2, 4], [2, 5], [3, 4], [3, 5], [4, 5]]	Z=-1661692.131398014, W=1661692.1264719057

118, f=1:5,  2:1,  3:2,  4:4,  5:3,  
[[1, 2], [1, 3], [1, 4], [1, 5], [2, 3], [2, 4], [2, 5], [3, 5], [4, 5]]	Z=-4152.672453174965, W=4152.00469001707

119, f=1:5,  2:1,  3:2,  4:3,  5:4,  
[[1, 2], [1, 3], [1, 4], [1, 5], [2, 3], [2, 4], [2, 5], [3, 5], [4, 5]]	Z=4152.672453174967, W=4154.004690017072