DN(1):[[1, 2], [1, 3], [1, 4], [1, 5], [2, 3], [2, 4], [2, 5], [3, 4], [4, 5]]

0, f=1:1,  2:2,  3:3,  4:4,  5:5,  
[[1, 2], [1, 3], [1, 4], [1, 5], [2, 3], [2, 4], [2, 5], [3, 4], [4, 5]]	Z=1.0, W=2.0

1, f=1:1,  2:2,  3:3,  4:5,  5:4,  
[[1, 2], [1, 3], [1, 4], [1, 5], [2, 3], [2, 4], [2, 5], [3, 5], [4, 5]]	Z=1.0406065732201366, W=2.0438960469043472

2, f=1:1,  2:2,  3:4,  4:3,  5:5,  
[[1, 2], [1, 3], [1, 4], [1, 5], [2, 3], [2, 4], [2, 5], [3, 4], [3, 5]]	Z=0.0002505872025674768, W=1.247164167449481

3, f=1:1,  2:2,  3:4,  4:5,  5:3,  
[[1, 2], [1, 3], [1, 4], [1, 5], [2, 3], [2, 4], [2, 5], [3, 5], [4, 5]]	Z=-1.0406065732201362, W=0.043896046904346786

4, f=1:1,  2:2,  3:5,  4:4,  5:3,  
[[1, 2], [1, 3], [1, 4], [1, 5], [2, 3], [2, 4], [2, 5], [3, 4], [4, 5]]	Z=-1.0, W=0.0

5, f=1:1,  2:2,  3:5,  4:3,  5:4,  
[[1, 2], [1, 3], [1, 4], [1, 5], [2, 3], [2, 4], [2, 5], [3, 4], [3, 5]]	Z=-0.00025058720256747693, W=1.246662993044346

6, f=1:1,  2:3,  3:2,  4:4,  5:5,  
[[1, 2], [1, 3], [1, 4], [1, 5], [2, 3], [2, 4], [3, 4], [3, 5], [4, 5]]	Z=-404.1485731097382, W=403.636377987787

7, f=1:1,  2:3,  3:2,  4:5,  5:4,  
[[1, 2], [1, 3], [1, 4], [1, 5], [2, 3], [2, 5], [3, 4], [3, 5], [4, 5]]	Z=-820.2020202020203, W=819.697118241236

8, f=1:1,  2:3,  3:4,  4:2,  5:5,  
[[1, 2], [1, 3], [1, 4], [1, 5], [2, 3], [2, 4], [2, 5], [3, 4], [3, 5]]	Z=-0.00025058720256747677, W=1.246662993044346

9, f=1:1,  2:3,  3:4,  4:5,  5:2,  
[[1, 2], [1, 3], [1, 4], [1, 5], [2, 3], [2, 5], [3, 4], [3, 5], [4, 5]]	Z=820.2020202020202, W=821.6971182412359

10, f=1:1,  2:3,  3:5,  4:4,  5:2,  
[[1, 2], [1, 3], [1, 4], [1, 5], [2, 3], [2, 4], [3, 4], [3, 5], [4, 5]]	Z=404.14857310973827, W=405.63637798778706

11, f=1:1,  2:3,  3:5,  4:2,  5:4,  
[[1, 2], [1, 3], [1, 4], [1, 5], [2, 3], [2, 4], [2, 5], [3, 4], [3, 5]]	Z=0.0002505872025674769, W=1.247164167449481

12, f=1:1,  2:4,  3:3,  4:2,  5:5,  
[[1, 2], [1, 3], [1, 4], [1, 5], [2, 3], [2, 4], [2, 5], [3, 4], [4, 5]]	Z=-0.9999999999999999, W=1.1102230246251565e-16

13, f=1:1,  2:4,  3:3,  4:5,  5:2,  
[[1, 2], [1, 3], [1, 4], [1, 5], [2, 4], [2, 5], [3, 4], [3, 5], [4, 5]]	Z=416.3987827354165, W=417.9012457896037

14, f=1:1,  2:4,  3:2,  4:3,  5:5,  
[[1, 2], [1, 3], [1, 4], [1, 5], [2, 3], [2, 4], [3, 4], [3, 5], [4, 5]]	Z=404.14857310973804, W=405.63637798778683

15, f=1:1,  2:4,  3:2,  4:5,  5:3,  
[[1, 2], [1, 3], [1, 4], [1, 5], [2, 4], [2, 5], [3, 4], [3, 5], [4, 5]]	Z=-416.39878273541643, W=415.90124578960365

16, f=1:1,  2:4,  3:5,  4:2,  5:3,  
[[1, 2], [1, 3], [1, 4], [1, 5], [2, 3], [2, 4], [2, 5], [3, 4], [4, 5]]	Z=1.0, W=2.0

17, f=1:1,  2:4,  3:5,  4:3,  5:2,  
[[1, 2], [1, 3], [1, 4], [1, 5], [2, 3], [2, 4], [3, 4], [3, 5], [4, 5]]	Z=-404.1485731097382, W=403.636377987787

18, f=1:1,  2:5,  3:3,  4:4,  5:2,  
[[1, 2], [1, 3], [1, 4], [1, 5], [2, 4], [2, 5], [3, 4], [3, 5], [4, 5]]	Z=-416.3987827354164, W=415.9012457896036

19, f=1:1,  2:5,  3:3,  4:2,  5:4,  
[[1, 2], [1, 3], [1, 4], [1, 5], [2, 3], [2, 4], [2, 5], [3, 5], [4, 5]]	Z=-1.0406065732201362, W=0.043896046904346564

20, f=1:1,  2:5,  3:4,  4:3,  5:2,  
[[1, 2], [1, 3], [1, 4], [1, 5], [2, 3], [2, 5], [3, 4], [3, 5], [4, 5]]	Z=-820.2020202020202, W=819.6971182412359

21, f=1:1,  2:5,  3:4,  4:2,  5:3,  
[[1, 2], [1, 3], [1, 4], [1, 5], [2, 3], [2, 4], [2, 5], [3, 5], [4, 5]]	Z=1.0406065732201362, W=2.043896046904347

22, f=1:1,  2:5,  3:2,  4:4,  5:3,  
[[1, 2], [1, 3], [1, 4], [1, 5], [2, 4], [2, 5], [3, 4], [3, 5], [4, 5]]	Z=416.3987827354163, W=417.90124578960354

23, f=1:1,  2:5,  3:2,  4:3,  5:4,  
[[1, 2], [1, 3], [1, 4], [1, 5], [2, 3], [2, 5], [3, 4], [3, 5], [4, 5]]	Z=820.2020202020201, W=821.6971182412358

24, f=1:2,  2:1,  3:3,  4:4,  5:5,  
[[1, 2], [1, 3], [1, 4], [1, 5], [2, 3], [2, 4], [2, 5], [3, 4], [4, 5]]	Z=-1.0000000000000002, W=2.220446049250313e-16

25, f=1:2,  2:1,  3:3,  4:5,  5:4,  
[[1, 2], [1, 3], [1, 4], [1, 5], [2, 3], [2, 4], [2, 5], [3, 5], [4, 5]]	Z=-1.0406065732201362, W=0.043896046904346786

26, f=1:2,  2:1,  3:4,  4:3,  5:5,  
[[1, 2], [1, 3], [1, 4], [1, 5], [2, 3], [2, 4], [2, 5], [3, 4], [3, 5]]	Z=-0.0002505872025674768, W=1.246662993044346

27, f=1:2,  2:1,  3:4,  4:5,  5:3,  
[[1, 2], [1, 3], [1, 4], [1, 5], [2, 3], [2, 4], [2, 5], [3, 5], [4, 5]]	Z=1.0406065732201362, W=2.043896046904347

28, f=1:2,  2:1,  3:5,  4:4,  5:3,  
[[1, 2], [1, 3], [1, 4], [1, 5], [2, 3], [2, 4], [2, 5], [3, 4], [4, 5]]	Z=1.0000000000000002, W=2.0

29, f=1:2,  2:1,  3:5,  4:3,  5:4,  
[[1, 2], [1, 3], [1, 4], [1, 5], [2, 3], [2, 4], [2, 5], [3, 4], [3, 5]]	Z=0.0002505872025674769, W=1.247164167449481

30, f=1:2,  2:3,  3:1,  4:4,  5:5,  
[[1, 2], [1, 3], [1, 4], [2, 3], [2, 4], [2, 5], [3, 4], [3, 5], [4, 5]]	Z=-2443.307671111691, W=2444.212433016453

31, f=1:2,  2:3,  3:1,  4:5,  5:4,  
[[1, 2], [1, 3], [1, 5], [2, 3], [2, 4], [2, 5], [3, 4], [3, 5], [4, 5]]	Z=-7018.040873854829, W=7018.973566162522

32, f=1:2,  2:3,  3:4,  4:1,  5:5,  
[[1, 2], [1, 3], [1, 4], [1, 5], [2, 3], [2, 4], [2, 5], [3, 4], [3, 5]]	Z=0.0002505872025674769, W=1.247164167449481

33, f=1:2,  2:3,  3:4,  4:5,  5:1,  
[[1, 2], [1, 3], [1, 5], [2, 3], [2, 4], [2, 5], [3, 4], [3, 5], [4, 5]]	Z=7018.040873854826, W=7020.973566162518

34, f=1:2,  2:3,  3:5,  4:4,  5:1,  
[[1, 2], [1, 3], [1, 4], [2, 3], [2, 4], [2, 5], [3, 4], [3, 5], [4, 5]]	Z=2443.307671111691, W=2446.212433016453

35, f=1:2,  2:3,  3:5,  4:1,  5:4,  
[[1, 2], [1, 3], [1, 4], [1, 5], [2, 3], [2, 4], [2, 5], [3, 4], [3, 5]]	Z=-0.00025058720256747677, W=1.246662993044346

36, f=1:2,  2:4,  3:3,  4:1,  5:5,  
[[1, 2], [1, 3], [1, 4], [1, 5], [2, 3], [2, 4], [2, 5], [3, 4], [4, 5]]	Z=1.0000000000000002, W=2.0

37, f=1:2,  2:4,  3:3,  4:5,  5:1,  
[[1, 2], [1, 4], [1, 5], [2, 3], [2, 4], [2, 5], [3, 4], [3, 5], [4, 5]]	Z=6721.85430463576, W=6724.815469684304

38, f=1:2,  2:4,  3:1,  4:3,  5:5,  
[[1, 2], [1, 3], [1, 4], [2, 3], [2, 4], [2, 5], [3, 4], [3, 5], [4, 5]]	Z=2443.3076711116914, W=2446.2124330164534

39, f=1:2,  2:4,  3:1,  4:5,  5:3,  
[[1, 2], [1, 4], [1, 5], [2, 3], [2, 4], [2, 5], [3, 4], [3, 5], [4, 5]]	Z=-6721.854304635762, W=6722.815469684306

40, f=1:2,  2:4,  3:5,  4:1,  5:3,  
[[1, 2], [1, 3], [1, 4], [1, 5], [2, 3], [2, 4], [2, 5], [3, 4], [4, 5]]	Z=-1.0000000000000002, W=2.220446049250313e-16

41, f=1:2,  2:4,  3:5,  4:3,  5:1,  
[[1, 2], [1, 3], [1, 4], [2, 3], [2, 4], [2, 5], [3, 4], [3, 5], [4, 5]]	Z=-2443.3076711116905, W=2444.2124330164525

42, f=1:2,  2:5,  3:3,  4:4,  5:1,  
[[1, 2], [1, 4], [1, 5], [2, 3], [2, 4], [2, 5], [3, 4], [3, 5], [4, 5]]	Z=-6721.854304635762, W=6722.815469684306

43, f=1:2,  2:5,  3:3,  4:1,  5:4,  
[[1, 2], [1, 3], [1, 4], [1, 5], [2, 3], [2, 4], [2, 5], [3, 5], [4, 5]]	Z=1.0406065732201362, W=2.043896046904347

44, f=1:2,  2:5,  3:4,  4:3,  5:1,  
[[1, 2], [1, 3], [1, 5], [2, 3], [2, 4], [2, 5], [3, 4], [3, 5], [4, 5]]	Z=-7018.040873854826, W=7018.973566162518

45, f=1:2,  2:5,  3:4,  4:1,  5:3,  
[[1, 2], [1, 3], [1, 4], [1, 5], [2, 3], [2, 4], [2, 5], [3, 5], [4, 5]]	Z=-1.0406065732201362, W=0.043896046904346786

46, f=1:2,  2:5,  3:1,  4:4,  5:3,  
[[1, 2], [1, 4], [1, 5], [2, 3], [2, 4], [2, 5], [3, 4], [3, 5], [4, 5]]	Z=6721.854304635762, W=6724.815469684306

47, f=1:2,  2:5,  3:1,  4:3,  5:4,  
[[1, 2], [1, 3], [1, 5], [2, 3], [2, 4], [2, 5], [3, 4], [3, 5], [4, 5]]	Z=7018.040873854827, W=7020.973566162519

48, f=1:3,  2:2,  3:1,  4:4,  5:5,  
[[1, 2], [1, 3], [1, 4], [2, 3], [2, 4], [2, 5], [3, 4], [3, 5], [4, 5]]	Z=2443.307671111691, W=2446.212433016453

49, f=1:3,  2:2,  3:1,  4:5,  5:4,  
[[1, 2], [1, 3], [1, 5], [2, 3], [2, 4], [2, 5], [3, 4], [3, 5], [4, 5]]	Z=7018.040873854827, W=7020.973566162519

50, f=1:3,  2:2,  3:4,  4:1,  5:5,  
[[1, 2], [1, 3], [1, 4], [1, 5], [2, 3], [2, 4], [2, 5], [3, 4], [3, 5]]	Z=-0.0002505872025674768, W=1.246662993044346

51, f=1:3,  2:2,  3:4,  4:5,  5:1,  
[[1, 2], [1, 3], [1, 5], [2, 3], [2, 4], [2, 5], [3, 4], [3, 5], [4, 5]]	Z=-7018.040873854827, W=7018.973566162519

52, f=1:3,  2:2,  3:5,  4:4,  5:1,  
[[1, 2], [1, 3], [1, 4], [2, 3], [2, 4], [2, 5], [3, 4], [3, 5], [4, 5]]	Z=-2443.307671111691, W=2444.212433016453

53, f=1:3,  2:2,  3:5,  4:1,  5:4,  
[[1, 2], [1, 3], [1, 4], [1, 5], [2, 3], [2, 4], [2, 5], [3, 4], [3, 5]]	Z=0.00025058720256747677, W=1.247164167449481

54, f=1:3,  2:1,  3:2,  4:4,  5:5,  
[[1, 2], [1, 3], [1, 4], [1, 5], [2, 3], [2, 4], [3, 4], [3, 5], [4, 5]]	Z=404.1485731097381, W=405.6363779877869

55, f=1:3,  2:1,  3:2,  4:5,  5:4,  
[[1, 2], [1, 3], [1, 4], [1, 5], [2, 3], [2, 5], [3, 4], [3, 5], [4, 5]]	Z=820.20202020202, W=821.6971182412357

56, f=1:3,  2:1,  3:4,  4:2,  5:5,  
[[1, 2], [1, 3], [1, 4], [1, 5], [2, 3], [2, 4], [2, 5], [3, 4], [3, 5]]	Z=0.0002505872025674769, W=1.247164167449481

57, f=1:3,  2:1,  3:4,  4:5,  5:2,  
[[1, 2], [1, 3], [1, 4], [1, 5], [2, 3], [2, 5], [3, 4], [3, 5], [4, 5]]	Z=-820.2020202020199, W=819.6971182412356

58, f=1:3,  2:1,  3:5,  4:4,  5:2,  
[[1, 2], [1, 3], [1, 4], [1, 5], [2, 3], [2, 4], [3, 4], [3, 5], [4, 5]]	Z=-404.1485731097381, W=403.6363779877869

59, f=1:3,  2:1,  3:5,  4:2,  5:4,  
[[1, 2], [1, 3], [1, 4], [1, 5], [2, 3], [2, 4], [2, 5], [3, 4], [3, 5]]	Z=-0.0002505872025674767, W=1.246662993044346

60, f=1:3,  2:4,  3:1,  4:2,  5:5,  
[[1, 2], [1, 3], [1, 4], [2, 3], [2, 4], [2, 5], [3, 4], [3, 5], [4, 5]]	Z=-2443.307671111691, W=2444.212433016453

61, f=1:3,  2:4,  3:1,  4:5,  5:2,  
[[1, 3], [1, 4], [1, 5], [2, 3], [2, 4], [2, 5], [3, 4], [3, 5], [4, 5]]	Z=-2146.816623409914, W=2147.8068194883454

62, f=1:3,  2:4,  3:2,  4:1,  5:5,  
[[1, 2], [1, 3], [1, 4], [1, 5], [2, 3], [2, 4], [3, 4], [3, 5], [4, 5]]	Z=-404.14857310973827, W=403.63637798778706

63, f=1:3,  2:4,  3:2,  4:5,  5:1,  
[[1, 3], [1, 4], [1, 5], [2, 3], [2, 4], [2, 5], [3, 4], [3, 5], [4, 5]]	Z=2146.8166234099144, W=2149.806819488346

64, f=1:3,  2:4,  3:5,  4:2,  5:1,  
[[1, 2], [1, 3], [1, 4], [2, 3], [2, 4], [2, 5], [3, 4], [3, 5], [4, 5]]	Z=2443.3076711116914, W=2446.2124330164534

65, f=1:3,  2:4,  3:5,  4:1,  5:2,  
[[1, 2], [1, 3], [1, 4], [1, 5], [2, 3], [2, 4], [3, 4], [3, 5], [4, 5]]	Z=404.14857310973827, W=405.63637798778706

66, f=1:3,  2:5,  3:1,  4:4,  5:2,  
[[1, 3], [1, 4], [1, 5], [2, 3], [2, 4], [2, 5], [3, 4], [3, 5], [4, 5]]	Z=2146.8166234099135, W=2149.806819488345

67, f=1:3,  2:5,  3:1,  4:2,  5:4,  
[[1, 2], [1, 3], [1, 5], [2, 3], [2, 4], [2, 5], [3, 4], [3, 5], [4, 5]]	Z=-7018.040873854828, W=7018.97356616252

68, f=1:3,  2:5,  3:4,  4:1,  5:2,  
[[1, 2], [1, 3], [1, 4], [1, 5], [2, 3], [2, 5], [3, 4], [3, 5], [4, 5]]	Z=820.2020202020202, W=821.6971182412359

69, f=1:3,  2:5,  3:4,  4:2,  5:1,  
[[1, 2], [1, 3], [1, 5], [2, 3], [2, 4], [2, 5], [3, 4], [3, 5], [4, 5]]	Z=7018.040873854829, W=7020.973566162522

70, f=1:3,  2:5,  3:2,  4:4,  5:1,  
[[1, 3], [1, 4], [1, 5], [2, 3], [2, 4], [2, 5], [3, 4], [3, 5], [4, 5]]	Z=-2146.8166234099144, W=2147.806819488346

71, f=1:3,  2:5,  3:2,  4:1,  5:4,  
[[1, 2], [1, 3], [1, 4], [1, 5], [2, 3], [2, 5], [3, 4], [3, 5], [4, 5]]	Z=-820.2020202020201, W=819.6971182412358

72, f=1:4,  2:2,  3:3,  4:1,  5:5,  
[[1, 2], [1, 3], [1, 4], [1, 5], [2, 3], [2, 4], [2, 5], [3, 4], [4, 5]]	Z=-1.0, W=0.0

73, f=1:4,  2:2,  3:3,  4:5,  5:1,  
[[1, 2], [1, 4], [1, 5], [2, 3], [2, 4], [2, 5], [3, 4], [3, 5], [4, 5]]	Z=-6721.854304635761, W=6722.815469684305

74, f=1:4,  2:2,  3:1,  4:3,  5:5,  
[[1, 2], [1, 3], [1, 4], [2, 3], [2, 4], [2, 5], [3, 4], [3, 5], [4, 5]]	Z=-2443.3076711116914, W=2444.2124330164534

75, f=1:4,  2:2,  3:1,  4:5,  5:3,  
[[1, 2], [1, 4], [1, 5], [2, 3], [2, 4], [2, 5], [3, 4], [3, 5], [4, 5]]	Z=6721.854304635761, W=6724.815469684305

76, f=1:4,  2:2,  3:5,  4:1,  5:3,  
[[1, 2], [1, 3], [1, 4], [1, 5], [2, 3], [2, 4], [2, 5], [3, 4], [4, 5]]	Z=0.9999999999999999, W=2.0

77, f=1:4,  2:2,  3:5,  4:3,  5:1,  
[[1, 2], [1, 3], [1, 4], [2, 3], [2, 4], [2, 5], [3, 4], [3, 5], [4, 5]]	Z=2443.3076711116914, W=2446.2124330164534

78, f=1:4,  2:3,  3:2,  4:1,  5:5,  
[[1, 2], [1, 3], [1, 4], [1, 5], [2, 3], [2, 4], [3, 4], [3, 5], [4, 5]]	Z=404.1485731097382, W=405.636377987787

79, f=1:4,  2:3,  3:2,  4:5,  5:1,  
[[1, 3], [1, 4], [1, 5], [2, 3], [2, 4], [2, 5], [3, 4], [3, 5], [4, 5]]	Z=-2146.816623409914, W=2147.8068194883454

80, f=1:4,  2:3,  3:1,  4:2,  5:5,  
[[1, 2], [1, 3], [1, 4], [2, 3], [2, 4], [2, 5], [3, 4], [3, 5], [4, 5]]	Z=2443.3076711116914, W=2446.2124330164534

81, f=1:4,  2:3,  3:1,  4:5,  5:2,  
[[1, 3], [1, 4], [1, 5], [2, 3], [2, 4], [2, 5], [3, 4], [3, 5], [4, 5]]	Z=2146.816623409914, W=2149.8068194883454

82, f=1:4,  2:3,  3:5,  4:1,  5:2,  
[[1, 2], [1, 3], [1, 4], [1, 5], [2, 3], [2, 4], [3, 4], [3, 5], [4, 5]]	Z=-404.1485731097381, W=403.6363779877869

83, f=1:4,  2:3,  3:5,  4:2,  5:1,  
[[1, 2], [1, 3], [1, 4], [2, 3], [2, 4], [2, 5], [3, 4], [3, 5], [4, 5]]	Z=-2443.307671111692, W=2444.212433016454

84, f=1:4,  2:1,  3:3,  4:2,  5:5,  
[[1, 2], [1, 3], [1, 4], [1, 5], [2, 3], [2, 4], [2, 5], [3, 4], [4, 5]]	Z=1.0000000000000004, W=2.0000000000000004

85, f=1:4,  2:1,  3:3,  4:5,  5:2,  
[[1, 2], [1, 3], [1, 4], [1, 5], [2, 4], [2, 5], [3, 4], [3, 5], [4, 5]]	Z=-416.39878273541643, W=415.90124578960365

86, f=1:4,  2:1,  3:2,  4:3,  5:5,  
[[1, 2], [1, 3], [1, 4], [1, 5], [2, 3], [2, 4], [3, 4], [3, 5], [4, 5]]	Z=-404.1485731097382, W=403.636377987787

87, f=1:4,  2:1,  3:2,  4:5,  5:3,  
[[1, 2], [1, 3], [1, 4], [1, 5], [2, 4], [2, 5], [3, 4], [3, 5], [4, 5]]	Z=416.3987827354163, W=417.90124578960354

88, f=1:4,  2:1,  3:5,  4:2,  5:3,  
[[1, 2], [1, 3], [1, 4], [1, 5], [2, 3], [2, 4], [2, 5], [3, 4], [4, 5]]	Z=-1.0000000000000002, W=2.220446049250313e-16

89, f=1:4,  2:1,  3:5,  4:3,  5:2,  
[[1, 2], [1, 3], [1, 4], [1, 5], [2, 3], [2, 4], [3, 4], [3, 5], [4, 5]]	Z=404.1485731097382, W=405.636377987787

90, f=1:4,  2:5,  3:3,  4:1,  5:2,  
[[1, 2], [1, 3], [1, 4], [1, 5], [2, 4], [2, 5], [3, 4], [3, 5], [4, 5]]	Z=416.39878273541643, W=417.90124578960365

91, f=1:4,  2:5,  3:3,  4:2,  5:1,  
[[1, 2], [1, 4], [1, 5], [2, 3], [2, 4], [2, 5], [3, 4], [3, 5], [4, 5]]	Z=6721.854304635763, W=6724.815469684307

92, f=1:4,  2:5,  3:1,  4:3,  5:2,  
[[1, 3], [1, 4], [1, 5], [2, 3], [2, 4], [2, 5], [3, 4], [3, 5], [4, 5]]	Z=-2146.8166234099144, W=2147.806819488346

93, f=1:4,  2:5,  3:1,  4:2,  5:3,  
[[1, 2], [1, 4], [1, 5], [2, 3], [2, 4], [2, 5], [3, 4], [3, 5], [4, 5]]	Z=-6721.854304635761, W=6722.815469684305

94, f=1:4,  2:5,  3:2,  4:1,  5:3,  
[[1, 2], [1, 3], [1, 4], [1, 5], [2, 4], [2, 5], [3, 4], [3, 5], [4, 5]]	Z=-416.3987827354165, W=415.9012457896037

95, f=1:4,  2:5,  3:2,  4:3,  5:1,  
[[1, 3], [1, 4], [1, 5], [2, 3], [2, 4], [2, 5], [3, 4], [3, 5], [4, 5]]	Z=2146.816623409914, W=2149.8068194883454

96, f=1:5,  2:2,  3:3,  4:4,  5:1,  
[[1, 2], [1, 4], [1, 5], [2, 3], [2, 4], [2, 5], [3, 4], [3, 5], [4, 5]]	Z=6721.854304635762, W=6724.815469684306

97, f=1:5,  2:2,  3:3,  4:1,  5:4,  
[[1, 2], [1, 3], [1, 4], [1, 5], [2, 3], [2, 4], [2, 5], [3, 5], [4, 5]]	Z=-1.0406065732201362, W=0.043896046904346786

98, f=1:5,  2:2,  3:4,  4:3,  5:1,  
[[1, 2], [1, 3], [1, 5], [2, 3], [2, 4], [2, 5], [3, 4], [3, 5], [4, 5]]	Z=7018.040873854825, W=7020.973566162517

99, f=1:5,  2:2,  3:4,  4:1,  5:3,  
[[1, 2], [1, 3], [1, 4], [1, 5], [2, 3], [2, 4], [2, 5], [3, 5], [4, 5]]	Z=1.0406065732201362, W=2.043896046904347

100, f=1:5,  2:2,  3:1,  4:4,  5:3,  
[[1, 2], [1, 4], [1, 5], [2, 3], [2, 4], [2, 5], [3, 4], [3, 5], [4, 5]]	Z=-6721.854304635763, W=6722.815469684307

101, f=1:5,  2:2,  3:1,  4:3,  5:4,  
[[1, 2], [1, 3], [1, 5], [2, 3], [2, 4], [2, 5], [3, 4], [3, 5], [4, 5]]	Z=-7018.040873854828, W=7018.97356616252

102, f=1:5,  2:3,  3:2,  4:4,  5:1,  
[[1, 3], [1, 4], [1, 5], [2, 3], [2, 4], [2, 5], [3, 4], [3, 5], [4, 5]]	Z=2146.8166234099144, W=2149.806819488346

103, f=1:5,  2:3,  3:2,  4:1,  5:4,  
[[1, 2], [1, 3], [1, 4], [1, 5], [2, 3], [2, 5], [3, 4], [3, 5], [4, 5]]	Z=820.2020202020201, W=821.6971182412358

104, f=1:5,  2:3,  3:4,  4:2,  5:1,  
[[1, 2], [1, 3], [1, 5], [2, 3], [2, 4], [2, 5], [3, 4], [3, 5], [4, 5]]	Z=-7018.040873854827, W=7018.973566162519

105, f=1:5,  2:3,  3:4,  4:1,  5:2,  
[[1, 2], [1, 3], [1, 4], [1, 5], [2, 3], [2, 5], [3, 4], [3, 5], [4, 5]]	Z=-820.2020202020201, W=819.6971182412358

106, f=1:5,  2:3,  3:1,  4:4,  5:2,  
[[1, 3], [1, 4], [1, 5], [2, 3], [2, 4], [2, 5], [3, 4], [3, 5], [4, 5]]	Z=-2146.8166234099135, W=2147.806819488345

107, f=1:5,  2:3,  3:1,  4:2,  5:4,  
[[1, 2], [1, 3], [1, 5], [2, 3], [2, 4], [2, 5], [3, 4], [3, 5], [4, 5]]	Z=7018.040873854826, W=7020.973566162518

108, f=1:5,  2:4,  3:3,  4:2,  5:1,  
[[1, 2], [1, 4], [1, 5], [2, 3], [2, 4], [2, 5], [3, 4], [3, 5], [4, 5]]	Z=-6721.854304635761, W=6722.815469684305

109, f=1:5,  2:4,  3:3,  4:1,  5:2,  
[[1, 2], [1, 3], [1, 4], [1, 5], [2, 4], [2, 5], [3, 4], [3, 5], [4, 5]]	Z=-416.3987827354163, W=415.90124578960354

110, f=1:5,  2:4,  3:2,  4:3,  5:1,  
[[1, 3], [1, 4], [1, 5], [2, 3], [2, 4], [2, 5], [3, 4], [3, 5], [4, 5]]	Z=-2146.8166234099144, W=2147.806819488346

111, f=1:5,  2:4,  3:2,  4:1,  5:3,  
[[1, 2], [1, 3], [1, 4], [1, 5], [2, 4], [2, 5], [3, 4], [3, 5], [4, 5]]	Z=416.3987827354164, W=417.9012457896036

112, f=1:5,  2:4,  3:1,  4:2,  5:3,  
[[1, 2], [1, 4], [1, 5], [2, 3], [2, 4], [2, 5], [3, 4], [3, 5], [4, 5]]	Z=6721.854304635761, W=6724.815469684305

113, f=1:5,  2:4,  3:1,  4:3,  5:2,  
[[1, 3], [1, 4], [1, 5], [2, 3], [2, 4], [2, 5], [3, 4], [3, 5], [4, 5]]	Z=2146.8166234099144, W=2149.806819488346

114, f=1:5,  2:1,  3:3,  4:4,  5:2,  
[[1, 2], [1, 3], [1, 4], [1, 5], [2, 4], [2, 5], [3, 4], [3, 5], [4, 5]]	Z=416.3987827354164, W=417.9012457896036

115, f=1:5,  2:1,  3:3,  4:2,  5:4,  
[[1, 2], [1, 3], [1, 4], [1, 5], [2, 3], [2, 4], [2, 5], [3, 5], [4, 5]]	Z=1.0406065732201362, W=2.0438960469043463

116, f=1:5,  2:1,  3:4,  4:3,  5:2,  
[[1, 2], [1, 3], [1, 4], [1, 5], [2, 3], [2, 5], [3, 4], [3, 5], [4, 5]]	Z=820.2020202020203, W=821.697118241236

117, f=1:5,  2:1,  3:4,  4:2,  5:3,  
[[1, 2], [1, 3], [1, 4], [1, 5], [2, 3], [2, 4], [2, 5], [3, 5], [4, 5]]	Z=-1.0406065732201357, W=0.04389604690434634

118, f=1:5,  2:1,  3:2,  4:4,  5:3,  
[[1, 2], [1, 3], [1, 4], [1, 5], [2, 4], [2, 5], [3, 4], [3, 5], [4, 5]]	Z=-416.3987827354164, W=415.9012457896036

119, f=1:5,  2:1,  3:2,  4:3,  5:4,  
[[1, 2], [1, 3], [1, 4], [1, 5], [2, 3], [2, 5], [3, 4], [3, 5], [4, 5]]	Z=-820.2020202020203, W=819.697118241236