G(0): [[1, 2], [1, 3], [1, 6], [2, 3], [2, 5], [3, 4], [4, 5], [4, 6], [5, 6]]

0, 	f=1:1,  2:2,  3:3,  4:6,  5:5,  6:4,  
[[1, 2], [1, 3], [1, 4], [2, 3], [2, 5], [3, 6], [4, 5], [4, 6], [5, 6]]	Z=-0.18205587965999687, W=0.8303572285823071

1, 	f=1:1,  2:2,  3:3,  4:5,  5:6,  6:4,  
[[1, 2], [1, 3], [1, 4], [2, 3], [2, 6], [3, 5], [4, 5], [4, 6], [5, 6]]	Z=0.2720912719947143, W=1.282930034801409

2, 	f=1:1,  2:2,  3:4,  4:6,  5:5,  6:3,  
[[1, 2], [1, 3], [1, 4], [2, 4], [2, 5], [3, 5], [3, 6], [4, 6], [5, 6]]	Z=0.013991057878689648, W=1.2665890460175468

3, 	f=1:1,  2:2,  3:4,  4:5,  5:6,  6:3,  
[[1, 2], [1, 3], [1, 4], [2, 4], [2, 6], [3, 5], [3, 6], [4, 5], [5, 6]]	Z=-0.02718259458377999, W=1.2236194016967064

4, 	f=1:1,  2:3,  3:4,  4:6,  5:5,  6:2,  
[[1, 2], [1, 3], [1, 4], [2, 5], [2, 6], [3, 4], [3, 5], [4, 6], [5, 6]]	Z=-0.013473102700134494, W=1.2367302871692716

5, 	f=1:1,  2:3,  3:4,  4:5,  5:6,  6:2,  
[[1, 2], [1, 3], [1, 4], [2, 5], [2, 6], [3, 4], [3, 6], [4, 5], [5, 6]]	Z=0.02667830116806193, W=1.2762761862243124

6, 	f=1:1,  2:2,  3:3,  4:6,  5:4,  6:5,  
[[1, 2], [1, 3], [1, 5], [2, 3], [2, 4], [3, 6], [4, 5], [4, 6], [5, 6]]	Z=0.2621819310623451, W=1.2699628306191064

7, 	f=1:1,  2:2,  3:3,  4:4,  5:6,  6:5,  
[[1, 2], [1, 3], [1, 5], [2, 3], [2, 6], [3, 4], [4, 5], [4, 6], [5, 6]]	Z=-0.7809175542734151, W=0.22368437853836587

8, 	f=1:1,  2:2,  3:5,  4:6,  5:4,  6:3,  
[[1, 2], [1, 3], [1, 5], [2, 4], [2, 5], [3, 4], [3, 6], [4, 6], [5, 6]]	Z=0.07938585998765228, W=1.327271351204308

9, 	f=1:1,  2:3,  3:5,  4:6,  5:4,  6:2,  
[[1, 2], [1, 3], [1, 5], [2, 4], [2, 6], [3, 4], [3, 5], [4, 6], [5, 6]]	Z=-0.07790312374531441, W=1.168783396470571

10, 	f=1:1,  2:3,  3:5,  4:4,  5:6,  6:2,  
[[1, 2], [1, 3], [1, 5], [2, 4], [2, 6], [3, 5], [3, 6], [4, 5], [4, 6]]	Z=3.706801262489875e-05, W=1.3931217651363161

11, 	f=1:1,  2:2,  3:5,  4:4,  5:6,  6:3,  
[[1, 2], [1, 3], [1, 5], [2, 5], [2, 6], [3, 4], [3, 6], [4, 5], [4, 6]]	Z=-3.650125197104816e-05, W=1.392072761440868

12, 	f=1:1,  2:2,  3:3,  4:5,  5:4,  6:6,  
[[1, 2], [1, 3], [1, 6], [2, 3], [2, 4], [3, 5], [4, 5], [4, 6], [5, 6]]	Z=-0.5017694496603057, W=0.4998351716490653

13, 	f=1:1,  2:2,  3:3,  4:4,  5:5,  6:6,  
[[1, 2], [1, 3], [1, 6], [2, 3], [2, 5], [3, 4], [4, 5], [4, 6], [5, 6]]	Z=1.0, W=2.0

14, 	f=1:1,  2:3,  3:6,  4:5,  5:4,  6:2,  
[[1, 2], [1, 3], [1, 6], [2, 4], [2, 5], [3, 4], [3, 6], [4, 5], [5, 6]]	Z=-0.1486467248259907, W=1.0939459127046458

15, 	f=1:1,  2:3,  3:6,  4:4,  5:5,  6:2,  
[[1, 2], [1, 3], [1, 6], [2, 4], [2, 5], [3, 5], [3, 6], [4, 5], [4, 6]]	Z=3.5748819786591926e-05, W=1.3903145499523715

16, 	f=1:1,  2:2,  3:6,  4:5,  5:4,  6:3,  
[[1, 2], [1, 3], [1, 6], [2, 4], [2, 6], [3, 4], [3, 5], [4, 5], [5, 6]]	Z=0.14589224637428969, W=1.3872774753883164

17, 	f=1:1,  2:2,  3:6,  4:4,  5:5,  6:3,  
[[1, 2], [1, 3], [1, 6], [2, 5], [2, 6], [3, 4], [3, 5], [4, 5], [4, 6]]	Z=-3.466702783389569e-05, W=1.3882906508327162

18, 	f=1:1,  2:2,  3:4,  4:6,  5:3,  6:5,  
[[1, 2], [1, 4], [1, 5], [2, 3], [2, 4], [3, 5], [3, 6], [4, 6], [5, 6]]	Z=-0.038935295751738916, W=1.2065833458385875

19, 	f=1:1,  2:2,  3:5,  4:6,  5:3,  6:4,  
[[1, 2], [1, 4], [1, 5], [2, 3], [2, 5], [3, 4], [3, 6], [4, 6], [5, 6]]	Z=-0.15290920395859203, W=1.091396834998482

20, 	f=1:1,  2:4,  3:5,  4:6,  5:3,  6:2,  
[[1, 2], [1, 4], [1, 5], [2, 3], [2, 6], [3, 4], [3, 6], [4, 5], [5, 6]]	Z=0.22285322166295657, W=1.4653433433761451

21, 	f=1:1,  2:4,  3:5,  4:3,  5:6,  6:2,  
[[1, 2], [1, 4], [1, 5], [2, 3], [2, 6], [3, 5], [3, 6], [4, 5], [4, 6]]	Z=5.3594365082308754e-05, W=1.3902498691449876

22, 	f=1:1,  2:2,  3:4,  4:3,  5:6,  6:5,  
[[1, 2], [1, 4], [1, 5], [2, 4], [2, 6], [3, 4], [3, 5], [3, 6], [5, 6]]	Z=-2.2092670621995693e-06, W=1.4267171895408755

23, 	f=1:1,  2:2,  3:5,  4:3,  5:6,  6:4,  
[[1, 2], [1, 4], [1, 5], [2, 5], [2, 6], [3, 4], [3, 5], [3, 6], [4, 6]]	Z=-2.63823627096635e-08, W=1.5377611102020037

24, 	f=1:1,  2:2,  3:4,  4:5,  5:3,  6:6,  
[[1, 2], [1, 4], [1, 6], [2, 3], [2, 4], [3, 5], [3, 6], [4, 5], [5, 6]]	Z=0.09718290836788512, W=1.3373920400468133

25, 	f=1:1,  2:4,  3:6,  4:5,  5:3,  6:2,  
[[1, 2], [1, 4], [1, 6], [2, 3], [2, 5], [3, 4], [3, 5], [4, 6], [5, 6]]	Z=0.19281121667432352, W=1.4324132782828576

26, 	f=1:1,  2:4,  3:6,  4:3,  5:5,  6:2,  
[[1, 2], [1, 4], [1, 6], [2, 3], [2, 5], [3, 5], [3, 6], [4, 5], [4, 6]]	Z=9.186964586286759e-05, W=1.387468894655911

27, 	f=1:1,  2:2,  3:6,  4:5,  5:3,  6:4,  
[[1, 2], [1, 4], [1, 6], [2, 3], [2, 6], [3, 4], [3, 5], [4, 5], [5, 6]]	Z=-0.2810322695383899, W=0.9567425712642054

28, 	f=1:1,  2:2,  3:4,  4:3,  5:5,  6:6,  
[[1, 2], [1, 4], [1, 6], [2, 4], [2, 5], [3, 4], [3, 5], [3, 6], [5, 6]]	Z=2.848013438422946e-06, W=1.4240718510692165

29, 	f=1:1,  2:2,  3:6,  4:3,  5:5,  6:4,  
[[1, 2], [1, 4], [1, 6], [2, 5], [2, 6], [3, 4], [3, 5], [3, 6], [4, 5]]	Z=-6.441554785449722e-08, W=1.5345081596887649

30, 	f=1:1,  2:5,  3:6,  4:4,  5:3,  6:2,  
[[1, 2], [1, 5], [1, 6], [2, 3], [2, 4], [3, 4], [3, 5], [4, 6], [5, 6]]	Z=0.06963681872007445, W=1.3056722858708625

31, 	f=1:1,  2:5,  3:6,  4:3,  5:4,  6:2,  
[[1, 2], [1, 5], [1, 6], [2, 3], [2, 4], [3, 4], [3, 6], [4, 5], [5, 6]]	Z=0.13785609484657332, W=1.3732746157542464

32, 	f=1:1,  2:2,  3:5,  4:4,  5:3,  6:6,  
[[1, 2], [1, 5], [1, 6], [2, 3], [2, 5], [3, 4], [3, 6], [4, 5], [4, 6]]	Z=0.00013084973310041226, W=1.383645182593149

33, 	f=1:1,  2:2,  3:6,  4:4,  5:3,  6:5,  
[[1, 2], [1, 5], [1, 6], [2, 3], [2, 6], [3, 4], [3, 5], [4, 5], [4, 6]]	Z=9.666074429508964e-05, W=1.3826282330955917

34, 	f=1:1,  2:2,  3:5,  4:3,  5:4,  6:6,  
[[1, 2], [1, 5], [1, 6], [2, 4], [2, 5], [3, 4], [3, 5], [3, 6], [4, 6]]	Z=4.938907143945944e-08, W=1.5334460360162345

35, 	f=1:1,  2:2,  3:6,  4:3,  5:4,  6:5,  
[[1, 2], [1, 5], [1, 6], [2, 4], [2, 6], [3, 4], [3, 5], [3, 6], [4, 5]]	Z=9.346700354280996e-08, W=1.532324960273494

36, 	f=1:1,  2:3,  3:5,  4:6,  5:2,  6:4,  
[[1, 3], [1, 4], [1, 5], [2, 3], [2, 4], [2, 6], [3, 5], [4, 6], [5, 6]]	Z=-0.0002735404695641294, W=1.4868280402450182

37, 	f=1:1,  2:4,  3:5,  4:6,  5:2,  6:3,  
[[1, 3], [1, 4], [1, 5], [2, 3], [2, 4], [2, 6], [3, 6], [4, 5], [5, 6]]	Z=0.00027481418511204593, W=1.4869621992933912

38, 	f=1:1,  2:3,  3:4,  4:6,  5:2,  6:5,  
[[1, 3], [1, 4], [1, 5], [2, 3], [2, 5], [2, 6], [3, 4], [4, 6], [5, 6]]	Z=-0.0002685050923652987, W=1.4860087451508486

39, 	f=1:1,  2:4,  3:5,  4:2,  5:6,  6:3,  
[[1, 3], [1, 4], [1, 5], [2, 3], [2, 5], [2, 6], [3, 6], [4, 5], [4, 6]]	Z=1.7406031053510202e-07, W=1.586113781967019

40, 	f=1:1,  2:3,  3:4,  4:2,  5:6,  6:5,  
[[1, 3], [1, 4], [1, 5], [2, 4], [2, 5], [2, 6], [3, 4], [3, 6], [5, 6]]	Z=-1.348516245245999e-07, W=1.6109024722145793

41, 	f=1:1,  2:3,  3:5,  4:2,  5:6,  6:4,  
[[1, 3], [1, 4], [1, 5], [2, 4], [2, 5], [2, 6], [3, 5], [3, 6], [4, 6]]	Z=-2.2262970521779173e-09, W=1.68677234690653

42, 	f=1:1,  2:4,  3:6,  4:5,  5:2,  6:3,  
[[1, 3], [1, 4], [1, 6], [2, 3], [2, 4], [2, 5], [3, 5], [4, 6], [5, 6]]	Z=0.0002595527677039809, W=1.4849898971471713

43, 	f=1:1,  2:3,  3:6,  4:5,  5:2,  6:4,  
[[1, 3], [1, 4], [1, 6], [2, 3], [2, 4], [2, 5], [3, 6], [4, 5], [5, 6]]	Z=-0.0002607454147438274, W=1.4840534884457695

44, 	f=1:1,  2:3,  3:4,  4:5,  5:2,  6:6,  
[[1, 3], [1, 4], [1, 6], [2, 3], [2, 5], [2, 6], [3, 4], [4, 5], [5, 6]]	Z=0.0007541269817442549, W=1.4834161573111173

45, 	f=1:1,  2:4,  3:6,  4:2,  5:5,  6:3,  
[[1, 3], [1, 4], [1, 6], [2, 3], [2, 5], [2, 6], [3, 5], [4, 5], [4, 6]]	Z=4.885456676614423e-07, W=1.5835377728165636

46, 	f=1:1,  2:3,  3:4,  4:2,  5:5,  6:6,  
[[1, 3], [1, 4], [1, 6], [2, 4], [2, 5], [2, 6], [3, 4], [3, 5], [5, 6]]	Z=1.8626789183084357e-07, W=1.6084807740814733

47, 	f=1:1,  2:3,  3:6,  4:2,  5:5,  6:4,  
[[1, 3], [1, 4], [1, 6], [2, 4], [2, 5], [2, 6], [3, 5], [3, 6], [4, 5]]	Z=-6.113785174707699e-09, W=1.684568066799006

48, 	f=1:1,  2:5,  3:6,  4:4,  5:2,  6:3,  
[[1, 3], [1, 5], [1, 6], [2, 3], [2, 4], [2, 5], [3, 4], [4, 6], [5, 6]]	Z=0.00024176375479959092, W=1.4817232452362812

49, 	f=1:1,  2:3,  3:6,  4:4,  5:2,  6:5,  
[[1, 3], [1, 5], [1, 6], [2, 3], [2, 4], [2, 5], [3, 6], [4, 5], [4, 6]]	Z=1.5694090244479422e-07, W=1.5822500009184353

50, 	f=1:1,  2:5,  3:6,  4:2,  5:4,  6:3,  
[[1, 3], [1, 5], [1, 6], [2, 3], [2, 4], [2, 6], [3, 4], [4, 5], [5, 6]]	Z=0.0007155664013911614, W=1.4809510584114838

51, 	f=1:1,  2:3,  3:5,  4:4,  5:2,  6:6,  
[[1, 3], [1, 5], [1, 6], [2, 3], [2, 4], [2, 6], [3, 5], [4, 5], [4, 6]]	Z=4.6391044519752507e-07, W=1.5815843583327054

52, 	f=1:1,  2:3,  3:5,  4:2,  5:4,  6:6,  
[[1, 3], [1, 5], [1, 6], [2, 4], [2, 5], [2, 6], [3, 4], [3, 5], [4, 6]]	Z=5.7098694317757454e-09, W=1.6828353557116362

53, 	f=1:1,  2:3,  3:6,  4:2,  5:4,  6:5,  
[[1, 3], [1, 5], [1, 6], [2, 4], [2, 5], [2, 6], [3, 4], [3, 6], [4, 5]]	Z=1.1306144626484456e-08, W=1.6825792322196467

54, 	f=1:1,  2:5,  3:6,  4:3,  5:2,  6:4,  
[[1, 4], [1, 5], [1, 6], [2, 3], [2, 4], [2, 5], [3, 4], [3, 6], [5, 6]]	Z=-1.1632741410438356e-07, W=1.6054010665762797

55, 	f=1:1,  2:4,  3:6,  4:3,  5:2,  6:5,  
[[1, 4], [1, 5], [1, 6], [2, 3], [2, 4], [2, 5], [3, 5], [3, 6], [4, 6]]	Z=-1.9247733875662413e-09, W=1.6823436406730292

56, 	f=1:1,  2:5,  3:6,  4:2,  5:3,  6:4,  
[[1, 4], [1, 5], [1, 6], [2, 3], [2, 4], [2, 6], [3, 4], [3, 5], [5, 6]]	Z=-1.6879115661299542e-07, W=1.6047719708842632

57, 	f=1:1,  2:4,  3:5,  4:3,  5:2,  6:6,  
[[1, 4], [1, 5], [1, 6], [2, 3], [2, 4], [2, 6], [3, 5], [3, 6], [4, 5]]	Z=-5.547722927125561e-09, W=1.6815803152733113

58, 	f=1:1,  2:4,  3:6,  4:2,  5:3,  6:5,  
[[1, 4], [1, 5], [1, 6], [2, 3], [2, 5], [2, 6], [3, 4], [3, 5], [4, 6]]	Z=-5.439368323054277e-09, W=1.6813258992454452

59, 	f=1:1,  2:4,  3:5,  4:2,  5:3,  6:6,  
[[1, 4], [1, 5], [1, 6], [2, 3], [2, 5], [2, 6], [3, 4], [3, 6], [4, 5]]	Z=-1.0769898424855585e-08, W=1.6810685458608772