G(1): [[1, 2], [1, 4], [1, 6], [2, 3], [2, 5], [3, 4], [3, 6], [4, 5], [5, 6]]

0, 	f=1:1,  2:2,  3:5,  4:4,  5:6,  6:3,  
[[1, 2], [1, 3], [1, 4], [2, 5], [2, 6], [3, 5], [3, 6], [4, 5], [4, 6]]	Z=1.6782984070689807e-05, W=1.2062291756818266

1, 	f=1:1,  2:2,  3:4,  4:3,  5:6,  6:5,  
[[1, 2], [1, 3], [1, 5], [2, 4], [2, 6], [3, 4], [3, 6], [4, 5], [5, 6]]	Z=-0.4040864977394963, W=0.6052302800286518

2, 	f=1:1,  2:2,  3:4,  4:3,  5:5,  6:6,  
[[1, 2], [1, 3], [1, 6], [2, 4], [2, 5], [3, 4], [3, 5], [4, 6], [5, 6]]	Z=-0.19668534049535252, W=0.8088543872665974

3, 	f=1:1,  2:2,  3:3,  4:4,  5:6,  6:5,  
[[1, 2], [1, 4], [1, 5], [2, 3], [2, 6], [3, 4], [3, 5], [4, 6], [5, 6]]	Z=0.29487247948527356, W=1.30027760608967

4, 	f=1:1,  2:2,  3:3,  4:4,  5:5,  6:6,  
[[1, 2], [1, 4], [1, 6], [2, 3], [2, 5], [3, 4], [3, 6], [4, 5], [5, 6]]	Z=1.0, W=2.0

5, 	f=1:1,  2:2,  3:3,  4:5,  5:4,  6:6,  
[[1, 2], [1, 5], [1, 6], [2, 3], [2, 4], [3, 5], [3, 6], [4, 5], [4, 6]]	Z=8.698234453192734e-05, W=1.1913002121715783

6, 	f=1:1,  2:3,  3:2,  4:4,  5:6,  6:5,  
[[1, 3], [1, 4], [1, 5], [2, 3], [2, 4], [2, 5], [3, 6], [4, 6], [5, 6]]	Z=0.0002432819196737602, W=1.3273470738943693

7, 	f=1:1,  2:3,  3:2,  4:4,  5:5,  6:6,  
[[1, 3], [1, 4], [1, 6], [2, 3], [2, 4], [2, 6], [3, 5], [4, 5], [5, 6]]	Z=0.0020123483138572923, W=1.3233005341059318

8, 	f=1:1,  2:3,  3:2,  4:5,  5:4,  6:6,  
[[1, 3], [1, 5], [1, 6], [2, 3], [2, 5], [2, 6], [3, 4], [4, 5], [4, 6]]	Z=1.1970884586263339e-06, W=1.4493021520968756

9, 	f=1:1,  2:4,  3:3,  4:5,  5:2,  6:6,  
[[1, 4], [1, 5], [1, 6], [2, 4], [2, 5], [2, 6], [3, 4], [3, 5], [3, 6]]	Z=-3.503488746696728e-14, W=1.6828353500017317